   9.8977198e-03   3.0173500e+01   3.1671526e+00  -4.7856455e+00
   1.1826247e-03   3.9283900e+01   3.1642832e+00   1.9917098e+01
   9.8142569e-04   4.3678500e+01   3.1763229e+00   1.0566124e+01
   2.2879280e-02   5.0949200e+01   3.2085714e+00   2.0632560e+01
  -1.0925364e-02   5.8402000e+01   3.2314373e+00  -2.0464483e+01
   3.0215061e-02   5.9862600e+01   3.2372683e+00  -1.1774460e+01
  -1.1737018e-02   7.0376200e+01   3.2193306e+00   1.0541140e+01
   1.7363792e-02   8.1799100e+01   3.2714093e+00  -1.5985464e+01
  -1.9763143e-02   1.0771690e+02   3.2625987e+00   1.1404236e+01
  -4.9756823e-02   1.0474150e+02   3.2990594e+00   8.4061102e+00
   7.6010834e-03   1.1474160e+02   3.3366641e+00  -1.7080235e+01
   2.1813878e-02   1.0626740e+02   3.7768479e+00  -2.1447960e+01
   8.4188727e-03   8.9321500e+01   4.0272205e+00   1.7461814e+01
   7.6924826e-03   9.8901800e+01   4.0389460e+00   8.9534954e+00
   1.2953435e-02   8.6921400e+01   4.0319036e+00   2.6619727e+01
   2.9548317e-03   1.0467300e+02   4.0448733e+00   2.9685993e+01
  -7.3771329e-03   8.2998400e+01   4.0397440e+00  -1.5672024e+00
  -1.9410499e-02   6.2690600e+01   4.0096174e+00  -1.7943332e-01
  -2.6585374e-02   5.9319800e+01   3.9920152e+00  -8.7354498e+00
   9.8770307e-03   6.1062800e+01   3.9661844e+00   4.2836865e+00
   3.1314315e-03   6.2211800e+01   3.9511017e+00   6.1575155e+00
   1.3623857e-03   5.9621300e+01   3.9485542e+00   3.8771224e+00
  -8.9712866e-03   2.2452700e+01   3.9636979e+00  -1.3909489e+01
  -4.0672422e-02  -1.1720000e-01   3.9521125e+00   1.2360457e+01
  -1.9494396e-02  -9.0702000e+00   3.9680822e+00   1.4293340e+01
  -1.5963560e-03  -2.5878700e+01   3.9817582e+00   7.3454094e+00
  -7.4311982e-03  -4.0637700e+01   3.9764703e+00   4.3586397e+00
   4.6021212e-03  -4.3308900e+01   3.9753391e+00  -2.1509285e+00
   2.4968496e-02  -3.6169500e+01   4.0320432e+00  -1.0968145e+01
   2.5976952e-02  -4.1159000e+01   4.0142241e+00  -2.7198911e+01
   2.1328410e-02  -4.4877100e+01   4.0260862e+00  -1.7127932e+01
   3.0854825e-02  -3.3673400e+01   4.0038867e+00   6.4278011e+00
  -9.9072912e-02  -3.3270100e+01   4.0416196e+00   2.3026519e+01
   3.4483867e-02  -2.3378100e+01   4.0599506e+00   3.1026065e+00
   1.3519271e-02  -3.5006200e+01   4.0391296e+00   9.1760835e-01
  -1.4629076e-02  -4.5317100e+01   3.9257422e+00   4.0751805e+01
   2.6594447e-02  -4.9582100e+01   3.9231978e+00  -2.6987679e+01
   2.4654617e-02  -3.1858800e+01   3.9400887e+00   1.2941912e+01
  -1.8442850e-02  -2.8276000e+01   3.9293826e+00   7.9859182e+00
   4.2709865e-03  -1.8688100e+01   3.9255418e+00  -6.0098804e+00
   3.2298284e-02  -1.5565800e+01   3.9254431e+00  -5.1490548e+00
   6.0047623e-03  -2.0881300e+01   3.9223891e+00   2.0078361e+00
   7.0613901e-03  -2.3371400e+01   3.9223077e+00  -1.2099257e+01
   1.5426593e-02  -2.4110200e+01   3.9089526e+00   1.6092216e+01
   3.0173652e-02  -2.0205300e+01   3.9052415e+00   3.0267448e+01
   9.2957998e-03  -1.8782000e+01   3.9084427e+00   2.6188179e+00
   2.4422485e-02  -3.5190000e+01   3.9128198e+00  -3.0356029e+01
  -9.4441229e-02  -4.8577800e+01   3.9364543e+00   1.9635456e+01
   6.4986004e-02  -4.4494800e+01   3.9535496e+00  -6.0280509e+00
   8.1285907e-03  -4.4838700e+01   3.9512581e+00   1.8331725e+01
  -1.5791971e-02  -4.2965800e+01   3.9321122e+00   4.3924822e+01
  -3.2489687e-02  -3.5224200e+01   3.9467283e+00   2.2447335e+01
   1.5261751e-02  -4.0005700e+01   3.9424411e+00   1.1336097e+01
  -1.9286178e-02  -4.3808200e+01   3.9244226e+00   3.5591393e+00
   1.4134148e-02  -4.6520800e+01   3.9359844e+00   8.0676853e+00
   2.0766996e-02  -4.6686900e+01   3.9203790e+00  -1.0747829e+01
  -2.1324456e-03  -3.2463600e+01   3.9196264e+00   2.0582591e+01
   1.9030259e-02  -3.2950100e+01   3.9165821e+00   1.6094487e+01
   2.0039063e-02  -3.7528100e+01   3.9219696e+00  -5.9008577e+00
  -9.4901282e-02  -3.8007400e+01   3.8991758e+00   1.0888650e+01
   2.6160412e-02  -3.8324000e+01   3.8867979e+00  -5.2489923e+00
   8.7064907e-03  -3.8796200e+01   3.8915110e+00   3.1237296e+01
   1.5094052e-02  -3.9421000e+01   3.8719191e+00   2.8822896e+00
  -1.7156910e-02  -2.2325700e+01   3.8701831e+00  -2.3753337e+01
   2.3361411e-02  -1.6767800e+01   3.8645264e+00   1.9873943e+01
  -7.1275901e-03  -2.5377700e+01   3.8534188e+00   1.0622907e+01
   1.3376676e-02  -2.5825800e+01   3.8452580e+00  -2.3446710e+01
   3.4521558e-02  -1.3566100e+01   3.8410237e+00   2.3685198e+01
   6.8430597e-03  -1.7609700e+01   3.8389004e+00   2.2558629e+01
   2.3499534e-03  -3.5933000e+00   3.8404475e+00   7.1841466e+00
  -2.1853449e-02  -6.6019000e+00   3.8480164e+00  -1.1529158e+01
  -2.5329862e-02  -1.5886500e+01   3.8760165e+00  -2.4530124e+00
   5.3887928e-03  -1.0441200e+01   3.8900698e+00   1.2126512e+01
   1.9000457e-02   7.4529000e+00   3.9128355e+00   4.2362162e+01
   1.9871661e-02   9.4254000e+00   3.9717420e+00   8.5196756e+00
  -3.2341091e-03   2.9223300e+01   4.0381513e+00   5.9054003e-01
   4.0131916e-03   4.6501900e+01   4.1285202e+00   2.5495430e+01
   1.0010284e-02   5.4521900e+01   4.2109504e+00  -2.5847483e+01
  -2.0003629e-03   3.7420400e+01   4.2392276e+00   2.0684800e+01
  -3.8228279e-03   4.3982500e+01   4.2738272e+00   6.7548694e+00
   7.0340636e-03   4.3903600e+01   4.2627328e+00   4.7508945e+01
   5.0947337e-03   4.9408300e+01   4.3278542e+00   5.8168193e+00
  -7.2816618e-03   3.5590800e+01   4.3836919e+00  -1.8944978e+01
  -1.8150642e-02   3.4963000e+01   4.4311914e+00   4.1851118e+01
   5.8809528e-03   4.0312600e+01   4.4707208e+00   1.9226621e+01
  -1.7180144e-02   4.2284300e+01   4.4878889e+00   3.3047529e+00
  -2.0586532e-02   6.0610400e+01   4.4815352e+00   2.8091535e+01
  -1.0195266e-02   6.3761700e+01   4.4949758e+00   8.2493899e+00
   3.8375033e-03   5.6995900e+01   4.4895914e+00  -4.4245076e+00
  -6.6834102e-03   4.4877400e+01   4.4892497e+00  -6.2006703e+00
  -2.7363357e-03   5.3625400e+01   4.4799815e+00   1.9262961e+01
  -1.9504131e-02   5.4869400e+01   4.4721838e+00  -2.0900574e+01
  -4.3029252e-02   5.4749100e+01   4.4676150e+00   1.3482483e+01
   1.4690862e-02   6.4569600e+01   4.4702411e+00   5.6555564e-01
   2.4043806e-02   6.8202300e+01   4.4762105e+00  -2.1420704e+01
  -2.6945391e-03   6.3888500e+01   4.5535140e+00   4.6514113e+01
   4.5649300e-03   6.1694300e+01   4.5482350e+00   1.7654876e+01
   1.1160505e-02   5.0166500e+01   4.5235893e+00   4.4508548e+01
  -1.7245943e-02   4.5810400e+01   4.5205687e+00   4.0549658e+01
  -1.4105356e-02   3.5735900e+01   4.4989062e+00   2.7503266e+01
  -1.2068100e-02   4.0985900e+01   4.4683888e+00   9.1783548e+00
  -2.3254978e-02   3.2631300e+01   4.4451729e+00   2.5354609e+01
  -1.7169936e-02   1.5032300e+01   4.4165565e+00  -2.7948443e+01
   2.0494681e-03   1.2952700e+01   4.3961772e+00   1.9428767e+01
   6.7280912e-03   1.5480100e+01   4.3926778e+00   5.3536996e+01
  -1.0571971e-02   1.4506900e+01   4.4101807e+00   2.2115724e+01
   1.7746345e-02   7.5569000e+00   4.3997813e+00   1.1965250e+01
  -4.6116707e-03   2.9753000e+00   4.3851280e+00   2.8227813e+01
  -1.1745488e-02  -6.3716000e+00   4.3802654e+00   1.5376754e+01
  -3.4287347e-02   2.8483000e+00   4.3397134e+00  -8.5333034e+00
  -2.5169665e-02   1.0788900e+01   4.2991714e+00   2.5143377e+00
   1.6464014e-02   7.6364000e+00   4.2885228e+00  -2.0328205e+00
   3.6798389e-02  -1.6711800e+01   4.3074641e+00  -2.6960424e+00
  -7.8445023e-03  -4.1016700e+01   4.2919106e+00   1.0366249e+01
  -1.4636240e-03  -4.3367300e+01   4.2750999e+00   3.0951111e+01
  -2.7265708e-03  -2.7568300e+01   4.2775249e+00  -1.7950146e+01
   3.1818720e-02  -2.7007200e+01   4.2809795e+00   3.8616775e+01
   1.0685971e-02  -2.4418900e+01   4.2762739e+00   2.7146671e+01
  -2.0694854e-02  -1.9672800e+01   4.2720604e+00  -8.9852937e+00
  -2.7826129e-02  -1.7648600e+01   4.2248716e+00   3.8364660e+01
  -5.7548659e-02  -1.2779300e+01   4.2032579e+00   2.0328205e+01
   1.8377967e-02  -9.8952000e+00   4.1234678e+00  -5.8259045e+00
   4.3852419e-03  -7.2122000e+00   4.0993298e+00   2.7373802e+01
   3.2812608e-02  -7.4237000e+00   4.1158284e+00   1.0652434e+00
   3.9796120e-03  -2.2366500e+01   4.1380537e+00   8.3129866e+00
   3.3165591e-02  -3.3627300e+01   4.1178276e+00  -1.6378401e+01
  -2.8032045e-03  -3.4676900e+01   4.1402308e+00   5.6053605e+01
   1.1927682e-02  -3.1665400e+01   4.1385933e+00   1.6301176e+01
  -4.7430907e-03  -2.8702600e+01   4.1390083e+00   1.9306116e+01
   6.6811048e-03  -2.1331200e+01   4.1162946e+00  -7.7996710e+00
  -1.4673309e-02  -3.1659700e+01   4.1205246e+00   2.3199138e+01
   2.2387724e-03  -2.9799700e+01   4.0964329e+00   2.3099200e+01
   6.4119868e-03  -2.3175200e+01   4.0953598e+00  -1.2971439e+01
  -5.0750557e-03  -1.8932500e+01   4.0938228e+00   1.7852479e+00
   3.6354746e-03  -1.4967000e+01   4.0954546e+00   3.2456989e+01
  -6.9719799e-03  -1.5607700e+01   4.0986600e+00   4.7695193e+01
   2.3178975e-02  -2.4466700e+01   4.0943343e+00   7.0864803e+00
  -1.3002669e-02  -2.9361800e+01   4.0839541e+00   1.1874397e+01
  -3.0976189e-02  -2.8519100e+01   4.0783139e+00  -1.7575380e+01
   8.5690105e-03  -2.5381400e+01   4.0678082e+00  -1.7732100e+01
   7.6110751e-03  -2.4115600e+01   4.0671260e+00   5.3452958e+01
   3.1356346e-04  -1.6576400e+01   4.0634867e+00   1.6069503e+01
  -7.3795185e-04  -1.9740400e+01   4.0362178e+00   2.0432685e+01
  -2.3082856e-02  -2.3301800e+01   4.0152276e+00  -5.3262168e+00
   2.7372456e-02  -2.7637500e+01   3.9912114e+00  -2.7003578e+01
   4.0145463e-03  -2.5913500e+01   3.9942693e+00   2.1790927e+01
  -7.8240012e-03  -2.0936400e+01   4.0066348e+00   3.5448301e+01
  -2.6853151e-02  -2.4964900e+01   4.0051297e+00   4.9314635e+01
  -2.8022605e-02  -3.4475300e+01   3.9895729e+00  -1.8013742e+01
   1.9845008e-02  -5.0226000e+01   3.9624434e+00  -2.2972007e+01
  -2.6195280e-03  -5.7691200e+01   3.9620924e+00  -1.1163478e+01
   3.5361307e-02  -5.0147300e+01   3.9583598e+00   2.3167340e+00
   3.0646776e-02  -3.7082800e+01   3.9632887e+00  -6.9320314e+00
   8.5305835e-03  -3.6268200e+01   3.9709338e+00   2.0076090e+01
   5.5820934e-03  -3.6123200e+01   3.9322267e+00   4.0906254e+00
  -1.6424310e-02  -3.7882700e+01   3.8785113e+00   2.6939982e+01
   1.7996469e-04  -5.1841300e+01   3.5607251e+00   2.3530749e+00
  -8.9850288e-03  -5.5489300e+01   3.3243947e+00   2.4273466e+01
   1.8868388e-03  -6.1658300e+01   3.2498402e+00  -2.7709955e+00
   2.1145182e-02  -6.6500800e+01   3.2486039e+00  -1.8295384e+01
   1.3589821e-02  -6.9467300e+01   3.1725253e+00  -1.7261939e-01
   1.9709947e-02  -8.1098600e+01   3.0557655e+00   3.8060305e+01
   1.1146593e-02  -7.8440500e+01   3.1391871e+00  -1.7059793e+01
  -7.0825432e-02  -5.4406300e+01   3.2148737e+00   1.4756687e+01
   6.4656986e-03  -4.8964300e+01   3.2075948e+00   1.6403385e+01
   1.6660464e-02  -5.1289700e+01   3.2576224e+00  -6.4754985e+00
   3.0221723e-03  -6.0286000e+01   3.3054105e+00  -1.3096361e+01
  -1.4273455e-02  -4.6695300e+01   3.4492084e+00   1.1697235e+01
  -1.2599958e-02  -4.1973000e+01   3.4773348e+00   1.4263813e+00
  -1.3591429e-02  -3.5270200e+01   3.4901189e+00   8.7922325e+00
   1.2351835e-02  -2.5379400e+01   3.5215227e+00  -3.4024191e+00
   1.4558877e-02  -1.9637100e+01   3.5387875e+00  -2.5166090e+00
  -5.3895709e-03  -3.0931000e+01   3.5592655e+00   1.1249788e+01
   4.5265548e-02  -3.3881000e+01   3.5855981e+00  -2.3235479e+00
   1.3673576e-02  -1.9003700e+01   3.5843245e+00   2.4266653e+01
  -1.0396860e-02  -2.2557200e+01   3.5412376e+00   1.5008802e+01
   3.3518121e-03  -1.7561600e+01   3.5364691e+00   4.6543640e+01
  -7.9595149e-03  -1.2555600e+01   3.5117253e+00   2.4162172e+01
   1.2791565e-03  -5.3719000e+00   3.4567836e+00  -2.8484471e+01
  -1.3891285e-02   2.6378000e+00   3.3460290e+00   7.2518266e+00
   1.3999696e-03   1.3880300e+01   3.3430110e+00  -9.9365099e-01
   6.2931153e-03   1.8968400e+01   3.2940052e+00  -6.4719438e+00
   5.3899090e-03   1.1421100e+01   3.3466805e+00   2.1925226e+00
  -4.9034604e-03   4.9660000e+00   3.3637760e+00   9.7029513e+00
  -5.8356864e-03  -5.3513000e+00   3.3321656e+00   7.1980740e+00
   7.3803657e-03  -1.1715400e+01   3.2823999e+00   5.3889940e+00
   1.9849547e-02  -9.6539000e+00   3.2445439e+00  -2.6846476e+01
   6.0005155e-03  -5.1115000e+00   3.2062568e+00  -1.7006788e+01
   2.8045545e-02  -2.2078000e+00   3.1441403e+00   3.1333567e+01
   7.5142077e-03   7.5632000e+00   3.1104690e+00  -2.0155822e+01
   4.0203580e-03   1.1028800e+01   3.2155859e+00  -8.6219625e+00
  -4.8062027e-02   1.7490000e+01   3.3396537e+00   1.6239184e+01
  -8.1966937e-03   1.1921400e+01   3.3712782e+00  -1.2842395e+00
   6.8835992e-03   1.7236800e+01   3.4338628e+00  -3.1266837e-01
   7.3109659e-03   1.6663700e+01   3.5240324e+00   1.9777811e+01
  -1.3391797e-03   2.1214300e+01   3.4912180e+00   1.5148437e+01
   6.2742953e-04   2.7965000e+00   3.4461829e+00  -2.4495098e+01
   8.7429610e-03   7.1300000e-01   3.4275205e+00   2.2816747e+00
   1.4878596e-02   2.0884000e+00   3.3843566e+00   3.5604109e+01
   1.3732722e-03   3.5589000e+00   3.4043324e+00  -2.4329382e+01
   9.3801453e-03   1.0260400e+01   3.4368561e+00   7.3284328e+00
   1.2371557e-02   1.7796500e+01   3.4345156e+00   3.9673224e+01
  -5.7923159e-03   1.4204100e+01   3.5215793e+00   3.2594185e+01
  -9.2117934e-03   1.6128700e+01   3.5348064e+00  -2.2402190e+01
   4.2177365e-03   1.2687900e+01   3.4946513e+00  -1.7494095e+01
   1.4660857e-02   1.2129700e+01   3.4465795e+00   7.8646123e+01
  -4.4635423e-03   2.2871000e+00   3.3159839e+00   2.2692452e+01
  -9.2247561e-03  -6.6230000e+00   3.2783771e+00   3.9841561e+01
  -1.3630382e-02  -1.5457700e+01   3.2132458e+00  -1.4069697e+01
   1.7272459e-03  -2.5445600e+01   3.2964187e+00  -4.3048112e+01
  -6.0423333e-02  -1.6436500e+01   3.6710721e+00  -8.0570951e+00
   4.3763037e-02  -1.9039900e+01   3.8726169e+00  -6.0418926e+01
   5.7008971e-03  -1.5030500e+01   3.9615227e+00   3.4167095e+01
   1.3576645e-02  -1.0073700e+01   3.8739225e+00  -2.3039187e+01
   3.4810064e-03  -8.0400000e-01   3.7037076e+00  -7.5717223e+00
  -4.0603174e-03  -1.8350000e-01   3.5635468e+00   4.0028511e+00
  -5.1367703e-03   9.5656000e+00   3.3651191e+00   1.9360017e+01
   4.2200818e-03   1.7499000e+01   3.3249799e+00   2.5507525e+01
  -2.3352838e-02   1.0040000e+01   3.3639883e+00  -3.6254815e+01
  -2.9946628e-03   1.3868600e+01   3.3624752e+00  -5.2851440e+00
   3.2578273e-03   1.6045900e+01   3.3274296e+00  -2.1501029e+01
   1.6629979e-02   7.5660000e+00   3.3460053e+00   8.5927892e+00
  -1.1635017e-02   2.3981000e+00   3.3740114e+00   1.3841589e+01
   1.7308092e-02   5.5000000e+00   3.3864683e+00  -6.8249859e+00
  -7.3714610e-04   9.8357000e+00   3.4292782e+00   8.9839262e+00
   4.0547744e-03   1.0426900e+01   3.3988993e+00  -5.8467597e+00
   6.6965293e-03   4.9801000e+00   3.2764720e+00  -3.3334390e+01
   1.8619367e-03   2.0989000e+00   3.2114043e+00   3.7334415e+01
  -1.3759750e-02  -1.1262400e+01   3.2030069e+00   3.4239694e+01
  -1.0803975e-02  -1.8596300e+01   3.2216564e+00  -2.2283777e+01
   6.0042030e-03  -2.2418800e+01   3.2794073e+00   1.4893485e+01
  -1.8938280e-02  -1.4758000e+01   3.3558378e+00  -5.3311683e+00
   4.1014861e-03  -2.2769000e+01   3.4068497e+00  -3.6441962e+01
   7.8158934e-03  -3.2202500e+01   3.3994498e+00  -9.7620376e-01
  -2.2182949e-04  -3.2161300e+01   3.3721808e+00   1.7707729e+01
   4.3713967e-03  -3.3534200e+01   3.3705718e+00  -2.6026546e+01
   1.3216775e-02  -3.2946700e+01   3.3704736e+00   2.5776581e+01
  -4.7677395e-03  -2.0186700e+01   3.3178298e+00  -2.0393343e+01
   5.2895259e-03  -8.3883000e+00   3.2337504e+00   1.8300079e+01
  -2.7110548e-03  -1.3016800e+01   3.2219441e+00   2.7342932e+01
   5.8441044e-03  -1.0859700e+01   3.2555113e+00   4.3019419e+00
  -1.1794644e-02  -2.7476000e+00   3.2773913e+00   1.3032595e+01
  -1.1739817e-02   1.2774000e+00   3.3032163e+00   1.2610604e+01
   3.1244322e-03   7.3518000e+00   3.2750509e+00   2.5500828e+00
  -4.7679510e-03   4.0078000e+00   3.2114946e+00  -9.0880519e+00
   1.0143404e-02  -7.4817000e+00   3.1493734e+00  -1.8417345e+00
  -2.9625485e-03  -6.8048000e+00   3.1364885e+00   1.2457606e+00
   1.8895887e-04  -4.6422000e+00   3.1144356e+00  -2.4798550e+01
   7.7123079e-03  -8.1946000e+00   3.1277768e+00   7.6658876e+00
   1.0570387e-03  -1.3779800e+01   3.0210260e+00   3.3175667e+00
   6.3927381e-03  -1.8961800e+01   2.9068681e+00   2.2730950e+00
   5.2493906e-03  -1.9452000e+01   2.9359011e+00   4.4606099e+01
  -2.9136636e-03  -2.5535000e+01   2.9308478e+00  -1.0809412e+01
  -1.5217526e-03  -2.6167900e+01   2.9495981e+00   8.2697905e+00
  -7.5438539e-03  -1.3949000e+01   3.0471215e+00   5.9428254e+00
   7.2894801e-03  -1.0543000e+00   3.1243873e+00  -6.1644448e+00
   5.0802922e-03  -1.0390800e+01   3.2010374e+00  -9.0193318e+00
  -6.4647986e-03  -6.4171000e+00   3.2254420e+00  -2.9897802e+00
  -1.7359417e-03  -1.1781000e+00   3.1710745e+00  -3.2440813e+00
   9.9819270e-03   2.4930000e+00   3.1230004e+00   1.8445721e-01
   8.0918211e-03   1.8825600e+01   3.1447059e+00   3.0734853e+01
   2.8344592e-03   2.1662000e+01   3.1536423e+00  -6.6203482e+00
   5.1857285e-03   2.8421600e+01   3.1094518e+00   2.5138560e+00
  -6.8416201e-03   2.9513200e+01   3.1550373e+00  -4.5406594e+00
   8.0986660e-03   2.8060800e+01   3.1908835e+00   1.2348179e+01
  -1.1916744e-02   3.7873200e+01   3.1888974e+00   3.8205731e-01
   1.2861121e-02   4.0422100e+01   3.2679699e+00   1.5016600e+01
   1.7627441e-04   3.9986000e+01   3.2584807e+00  -1.5486401e+01
  -1.3853662e-02   2.8515400e+01   3.1936944e+00   2.1223183e+01
   1.5352685e-02   2.6734000e+01   3.1375505e+00  -2.2785069e+01
   2.1388937e-03   3.2563500e+01   3.1380078e+00  -2.7723444e+01
   6.2903830e-03   2.8738400e+01   3.1469263e+00  -3.2035304e-01
  -5.7766531e-03   1.2824400e+01   3.1188611e+00   1.9929294e+01
   3.4847884e-03   9.1749000e+00   3.1315793e+00   1.0910075e+01
   6.2483892e-03   7.2519000e+00   3.1896209e+00  -3.4411166e+01
  -7.8610015e-04   2.2246000e+00   3.1815798e+00   7.5918694e+00
   6.2604087e-03  -5.3884000e+00   3.1960967e+00   2.3092605e+01
  -2.3222746e-03  -9.1684000e+00   3.3060842e+00  -3.6041256e+00
  -2.3288958e-03  -4.3900000e+00   3.3716279e+00  -3.5223801e-01
  -6.9467884e-07  -7.2089000e+00   3.3113077e+00  -4.5188941e+00
   5.0704849e-03  -1.7893700e+01   3.2688179e+00  -3.8117322e+00
   1.2103779e-03  -3.0829200e+01   3.2812940e+00  -1.2377952e+01
  -5.5211094e-03  -3.3699800e+01   3.3263786e+00   1.1680916e+01
   7.4198614e-03  -3.9150900e+01   3.3941747e+00  -3.8374934e+01
   5.6774603e-03  -2.9864000e+01   3.4431641e+00   2.9226707e+01
   6.9503046e-03  -5.3991000e+00   3.4155958e+00  -1.5511667e+01
   8.8359704e-03  -2.9670000e+00   3.4374913e+00  -2.6699157e+01
  -9.4805734e-04  -4.6240000e+00   3.4269569e+00   5.3955172e+01
   5.4861286e-03  -6.3077000e+00   3.3275049e+00  -3.2016408e+00
  -1.8962440e-04  -3.8711000e+00   3.2409120e+00   3.3983578e+01
   7.8916550e-03  -1.0158800e+01   3.1683440e+00   2.7865028e+00
  -9.8832414e-03  -1.7598600e+01   3.2079314e+00  -1.9332512e+01
  -1.1883185e-02  -1.8095600e+01   3.1391797e+00  -4.0176923e+01
   6.8552925e-03  -1.2930300e+01   3.1459688e+00  -9.2206672e+00
   1.3432838e-02  -1.6511800e+01   3.1699959e+00  -1.8335356e+01
   5.4755782e-03  -1.6367900e+01   3.1613679e+00  -9.8595874e+00
   7.7299775e-03  -1.4332800e+01   3.2076316e+00   3.3038412e+01
  -2.1972170e-03  -2.1092700e+01   3.1599502e+00   3.2602144e+01
  -2.7601853e-03  -2.1155600e+01   3.0451080e+00  -2.0180324e+01
   1.8033970e-02  -2.7729000e+01   2.9367691e+00   3.1713344e+01
   5.5211558e-03  -4.3576200e+01   2.8636805e+00  -3.6236414e+00
  -1.7067979e-03  -3.6550000e+01   2.7872599e+00   4.5132095e+00
  -2.0178293e-03  -4.3479700e+01   2.8234062e+00   3.5019852e+01
  -7.9135951e-03  -4.3870600e+01   2.8052072e+00   1.3234025e+01
  -4.1618369e-03  -5.2784500e+01   2.7213546e+00  -5.3607252e+01
  -2.0405017e-03  -5.9434600e+01   2.7137192e+00   6.8304144e-01
  -1.4666315e-02  -6.4400400e+01   2.6941453e+00  -3.1877197e-01
   1.2200495e-03  -5.5558100e+01   2.8122959e+00  -3.5888757e+01
   1.7281300e-03  -4.3558100e+01   2.7567853e+00   5.9559645e+01
   1.2752089e-02  -4.6092800e+01   2.6585200e+00  -1.2321322e+01
  -2.6193444e-03  -5.8297900e+01   2.4993530e+00  -1.8811391e+01
   3.2145663e-03  -6.3889900e+01   2.5763430e+00   5.9544427e+01
   4.8433009e-03  -5.9701800e+01   2.5929369e+00  -2.6134640e+01
  -4.8081751e-03  -4.5044800e+01   2.7504831e+00   2.2479500e+01
  -2.1784981e-02  -5.0098000e+01   2.9466026e+00  -7.6434218e+00
  -2.9618921e-03  -3.5983700e+01   2.9953684e+00  -6.3625812e+00
  -1.6110195e-02  -4.3038600e+01   3.0169703e+00  -1.9341427e+01
   2.3224984e-02  -4.4519500e+01   3.1389601e+00   7.2981550e+00
  -1.7323759e-03  -3.7774200e+01   3.2169044e+00  -1.4861735e+01
   6.5727630e-04  -2.8901100e+01   3.3137809e+00  -3.3127810e+01
   7.6727723e-03  -1.3354500e+01   3.3110700e+00   1.6116431e+01
  -2.6756765e-04  -1.3746200e+01   3.3772308e+00  -2.6080111e+01
  -1.2358913e-02  -1.3150300e+01   3.4258275e+00  -1.8722154e+01
   1.5581985e-02  -1.1221900e+01   3.4607470e+00   3.1688117e+01
   9.2244416e-03  -9.8819000e+00   3.5363898e+00   1.1538493e+01
   4.9564478e-04   4.7889000e+00   3.5417791e+00   6.6165196e+00
   9.7719110e-03   7.8681000e+00   3.4109964e+00  -2.4992509e+00
   7.6208508e-03   3.8761000e+00   3.4906460e+00  -2.9829937e+01
  -2.9600338e-03   2.6397000e+00   3.5775412e+00  -5.8560229e+00
   9.0770861e-03   4.3190000e+00   3.5426587e+00  -9.2116748e-01
   1.2024620e-02   5.7693000e+00   3.5708296e+00   4.6387709e+00
   2.4002481e-04   9.7678000e+00   3.6249484e+00  -1.4287776e+01
   6.2715385e-03   1.1032700e+01   3.5950135e+00   8.2505905e+00
   7.9125164e-03   1.0326600e+01   3.6030035e+00  -9.6845235e+00
  -1.7967466e-02   3.4706000e+00   3.4259597e+00   8.5312216e+00
  -1.1952832e-03   3.5140000e-01   3.3920664e+00   3.4529650e-01
  -6.9423463e-03  -5.4312000e+00   3.4092013e+00  -2.6290715e+01
   9.5891836e-03  -3.7842000e+00   3.3268871e+00   6.7046136e+01
  -1.3489416e-02  -8.0786000e+00   3.3243154e+00   2.2482288e+01
  -1.0138255e-02  -7.8033000e+00   3.3881322e+00  -3.4756105e+01
  -2.3197251e-02  -1.2895600e+01   3.3578818e+00  -5.9065287e+01
   2.8868473e-02  -2.5742800e+01   3.3086078e+00   1.0575317e+01
   2.5456325e-03  -4.6416200e+01   3.3520274e+00   1.5548858e+01
  -6.8596441e-03  -5.0286000e+01   3.2936247e+00  -8.2367362e+00
  -1.5153817e-03  -5.4945700e+01   3.1142033e+00   2.1925764e+01
   5.1582423e-03  -5.9635500e+01   2.9593713e+00  -2.0382446e+01
  -6.0046664e-03  -5.7679200e+01   2.9530620e+00   5.6501542e-01
  -1.0925599e-02  -5.0910900e+01   3.0174770e+00   4.3288046e+01
   1.0647857e-03  -4.7851400e+01   3.0838437e+00   4.0493003e+01
  -3.0428551e-03  -3.7591600e+01   3.2815598e+00   1.5072128e+01
  -8.0593290e-03  -3.6757600e+01   3.3501700e+00  -3.0809050e+01
   8.5775349e-03  -4.0879500e+01   3.3680561e+00   5.4224929e+00
  -2.2986642e-03  -4.4522500e+01   3.3261486e+00  -5.3626669e+00
   7.1815713e-03  -4.5290300e+01   3.3875291e+00  -2.7080221e+01
  -4.0569033e-03  -4.3999900e+01   3.4119919e+00   8.0301950e+00
   8.1935132e-03  -2.7484200e+01   3.4656274e+00  -5.2698771e+01
   2.0698170e-02  -1.3149900e+01   3.4201207e+00   6.6398296e+01
   1.8885635e-03  -6.4264000e+00   3.3253854e+00  -1.8317941e+01
  -2.4254151e-02   6.7681000e+00   3.4430173e+00  -1.1244096e+01
   5.8817063e-03   8.1564000e+00   3.5658600e+00   3.5708412e+01
   2.3600615e-02   6.5833000e+00   3.6221484e+00   1.3455472e+01
   7.4042618e-03   1.6577700e+01   3.5228137e+00   5.0339181e+01
  -1.5482951e-02   2.8065800e+01   3.3492882e+00   5.9128742e+00
  -5.4088172e-04   3.6170900e+01   3.3779286e+00  -3.0744464e+01
  -1.1636011e-02   3.1870800e+01   3.4559298e+00   1.9580914e+00
   9.1758960e-03   3.4292300e+01   3.4791234e+00   1.3101713e+01
   6.6119385e-03   3.8217400e+01   3.4942648e+00   7.9446725e+00
   8.6771668e-03   4.5511100e+01   3.3860474e+00   7.2696254e+00
   1.3726174e-02   9.8265500e+01   3.4498141e+00   2.0194711e+01
   3.3523073e-03   1.0044040e+02   3.4547489e+00  -1.6965328e+01
   1.7717421e-02   1.0844040e+02   3.4934105e+00  -2.4548854e+00
  -3.0420845e-03   1.2079170e+02   3.5395093e+00   2.5754489e+01
  -3.4153520e-04   1.2487750e+02   3.5564440e+00   3.5356118e+01
  -9.9035329e-04   1.1879270e+02   3.6010904e+00   1.8099345e+01
  -4.3922596e-04   1.0542610e+02   3.6050697e+00   2.5100637e+01
  -5.0982479e-03   8.2980100e+01   3.6990953e+00  -6.0756426e+00
   2.1573849e-02   6.1327300e+01   3.6308442e+00  -1.4116012e+01
   7.3919979e-03   8.7761700e+01   3.7001929e+00  -2.1558204e+01
  -1.4116048e-02   9.7717700e+01   3.7944931e+00  -3.2332015e+01
   8.6248534e-03   9.6887900e+01   3.8153640e+00   1.6322960e+00
   8.3635057e-03   1.0570010e+02   3.9254151e+00   4.2399608e+01
  -4.1660017e-03   1.2105990e+02   3.7922042e+00   1.3845753e+01
  -4.4599295e-03   1.2509990e+02   3.6344958e+00  -2.6761557e+01
   3.5602442e-03   1.0494530e+02   3.7325400e+00   2.9344529e+00
   4.1992707e-03   1.0535350e+02   3.7842885e+00   1.4581621e+01
   4.0471895e-03   1.0832180e+02   3.9215566e+00   5.3017788e+01
   4.2297385e-03   1.0500150e+02   3.9079023e+00   1.8057681e+01
   1.1794910e-03   8.4034900e+01   3.8618250e+00   1.1687219e+01
  -5.3087900e-03   5.5330300e+01   3.9932180e+00  -3.8831965e+01
  -1.7961300e-03   3.3500500e+01   4.0558454e+00   5.2067214e+00
  -5.3904791e-05   3.2460100e+01   4.1553140e+00   3.0462488e+00
  -5.7382279e-03   5.5194600e+01   4.1436827e+00  -8.3551750e+00
   8.1856500e-04   6.7188700e+01   4.0811567e+00   2.3392086e+01
   7.7992126e-03   5.9785300e+01   3.9846611e+00  -2.4798490e+01
   2.6742592e-03   4.8475900e+01   4.0021184e+00   3.8222134e+00
  -7.1884493e-03   3.4106500e+01   4.0898685e+00  -3.9170326e+00
  -4.8894647e-05   4.1955700e+01   4.0332086e+00   4.3608515e+01
  -1.8152835e-03   4.8115200e+01   4.0781477e+00   1.8146753e+01
   8.3164615e-04   4.2482900e+01   4.1939245e+00   1.9420479e+01
  -6.2230244e-03   4.1407600e+01   4.2221722e+00  -1.8256058e+01
  -4.1679822e-05   5.2028200e+01   4.2103295e+00  -2.2969438e+01
   1.4078049e-02   6.3169800e+01   4.2686576e+00  -9.0270660e-01
  -3.8005331e-03   8.1855100e+01   4.2413209e+00  -7.9799777e+00
  -4.9659623e-03   9.1626100e+01   4.0979160e+00  -1.4012033e+01
   4.5465797e-03   9.1958900e+01   4.0188531e+00   2.9043165e+01
  -5.8996444e-03   9.6013100e+01   4.0183580e+00   4.6580623e+00
  -1.0703521e-03   9.9055900e+01   4.0550993e+00  -4.2709595e+01
  -4.7488945e-03   1.0191530e+02   3.9500397e+00   2.8483481e+01
   4.2741339e-03   1.0024420e+02   4.0274987e+00   3.0899320e+01
  -8.0968829e-05   1.1514530e+02   4.0684685e+00   9.2283469e-01
   2.8187992e-03   1.2662190e+02   4.1364168e+00   2.3200118e+01
  -7.4055967e-03   1.3704170e+02   4.1503256e+00   1.1833155e+01
  -5.3696825e-03   1.2661180e+02   4.2062344e+00  -1.2132964e+01
   8.1205779e-03   1.3957460e+02   4.2855352e+00  -3.2488989e+01
  -8.5108104e-03   1.4876130e+02   4.2496913e+00  -2.3018808e+01
   8.9759147e-03   1.6603400e+02   4.3032230e+00  -2.3832970e+01
   9.8749719e-03   1.8543410e+02   4.3832662e+00  -1.0886190e+01
  -3.6086181e-03   1.8593750e+02   4.4598063e+00  -1.6968250e+01
   8.2491342e-03   1.7905040e+02   4.4294128e+00   6.0965022e+00
   2.5310555e-03   1.4706970e+02   4.4451349e+00   3.7529128e+01
   1.1945205e-03   1.4277300e+02   4.4727983e+00  -1.0820722e+00
   3.0256172e-03   1.5853050e+02   4.5729155e+00   5.6913586e+01
  -7.6614160e-03   1.6120030e+02   4.6475954e+00  -8.3435951e+00
   4.2807883e-03   1.8766340e+02   4.7487256e+00  -3.1148320e+01
   9.9300888e-05   1.8109950e+02   4.8180079e+00  -2.3139696e+01
   9.7911935e-03   1.6687840e+02   4.8230972e+00   1.1959754e+01
  -1.4628713e-02   1.4836780e+02   4.6855955e+00   1.0185207e+01
  -1.3555928e-02   1.0869710e+02   4.5417990e+00  -8.2799931e+00
   1.3561332e-02   8.5010000e+00   4.2425597e+00   1.6807689e+01
  -2.2551685e-03  -6.8741200e+01   3.8938590e+00   5.7369848e+00
  -1.0429156e-02  -7.7492500e+01   3.5803323e+00   7.1840015e+00
  -1.3163309e-02  -5.7860700e+01   3.6123242e+00   4.8009926e+01
   6.7759612e-03   1.1582100e+01   3.6543195e+00   1.0846403e+01
  -1.9199051e-03   1.9370300e+01   3.8308632e+00   1.3658708e+01
   3.2390637e-03   2.8595000e+00   3.9056727e+00   7.0666960e+00
  -5.7991710e-03   4.5468100e+01   4.0396228e+00  -3.4161282e+01
   2.1855973e-03   8.5689400e+01   4.1875946e+00  -3.4111538e+01
   1.2132089e-02   7.3030000e+01   4.1430572e+00  -7.3981143e+00
  -7.1561267e-03   5.0370900e+01   4.2101349e+00   4.9672643e+00
   6.2972910e-03   3.7054700e+01   4.2017229e+00  -1.5082008e+01
   5.7548045e-03   5.2446100e+01   4.2618772e+00  -3.9484898e+00
   1.2373945e-03   8.8401500e+01   4.2904910e+00   3.4320423e+01
  -4.0381728e-03   7.8679300e+01   4.2664437e+00  -2.1306773e+01
   2.1727113e-03   6.6772700e+01   4.2982876e+00   4.5285326e+01
   6.8839084e-03   5.0225600e+01   4.2812285e+00   7.2500318e+00
   4.6523967e-03   6.8379700e+01   4.3213014e+00   2.5082633e+01
  -7.8614897e-04   6.3268200e+01   4.3626590e+00   1.7746409e+00
   1.8911971e-03   8.6691700e+01   4.2455677e+00  -1.3791576e+01
   1.0807348e-03   6.5151500e+01   4.2566116e+00  -4.0832890e+00
   2.5637673e-03   1.7083400e+01   4.2734800e+00  -3.6111062e+01
  -1.8708563e-03   4.1259200e+01   4.2754259e+00   1.2730790e+01
   4.4488905e-03   5.2413500e+01   4.2687666e+00  -2.3732542e+01
  -2.0902796e-03   5.1265800e+01   4.3152846e+00   3.9460293e+01
   6.2541108e-03   3.6307700e+01   4.3512742e+00  -2.2050494e+01
  -7.8571848e-04   2.2720600e+01   4.4158080e+00  -3.2124549e+01
   8.4725735e-03  -1.4576700e+01   4.4358969e+00   4.0049985e+01
  -1.1213118e-02  -3.1819400e+01   4.4752567e+00   7.1380170e+00
  -1.3878248e-02  -8.7321000e+00   4.5838118e+00   2.1020931e+01
  -2.4224916e-03  -1.9627800e+01   4.6775139e+00   2.7170638e+01
  -8.6575347e-03  -1.9087300e+01   4.6287184e+00  -2.3631691e+01
   1.0770718e-02  -1.3121600e+01   4.6043453e+00  -3.6282043e+01
   5.8890493e-03  -1.8062100e+01   4.6070287e+00  -5.0239784e+01
   5.6988449e-03  -1.6659100e+01   4.5361262e+00  -3.4407101e+01
  -9.1099512e-03   1.1572800e+01   4.5544526e+00  -3.9780411e+01
   7.0152418e-03   2.3541800e+01   4.5630369e+00   1.8992147e+01
   1.3009055e-02   1.1365200e+01   4.6153870e+00   7.4723583e+00
   5.1851024e-03   1.3310900e+01   4.6044111e+00  -1.6042130e+01
   2.4429937e-03  -4.5468600e+01   4.5896963e+00   2.7377948e+01
   3.0900815e-03  -8.4678000e+01   4.6140943e+00   9.4059449e+00
  -2.5836639e-03  -6.4636300e+01   4.6386616e+00   4.2372735e+01
   4.1203763e-03  -4.7405700e+01   4.6145907e+00   3.2301320e+01
  -9.2133954e-03  -3.9423200e+01   4.5667924e+00   1.2099869e+00
  -2.1749372e-03  -5.5288700e+01   4.4541122e+00  -1.7684802e+01
   2.4834679e-03  -4.3202700e+01   4.4625722e+00  -2.0940381e+01
  -5.0015326e-04  -7.6449200e+01   4.4994108e+00  -6.9069663e+00
  -7.2767376e-03  -8.4093800e+01   4.5427341e+00  -3.7905676e+00
   8.3370359e-03  -5.4410400e+01   4.5311625e+00   5.7627131e+00
   6.7214878e-03  -4.6774500e+01   4.5041967e+00   3.9505675e+00
  -7.2124269e-04  -6.4620400e+01   4.4587344e+00  -4.0881527e+01
  -8.7216462e-03  -7.5132400e+01   4.5007061e+00   4.7316846e+01
  -2.0662146e-03  -7.8897200e+01   4.5086826e+00   3.4605276e+01
   2.8654219e-03  -6.2238600e+01   4.5102884e+00   2.5453858e+01
   4.9044773e-03  -6.2108900e+01   4.4851730e+00  -1.0283426e+01
  -1.5282272e-03  -6.4611600e+01   4.5057907e+00  -3.6567033e+01
   1.1887197e-03  -5.4733500e+01   4.4898186e+00  -3.2667249e+01
   6.1686660e-03  -3.7022000e+01   4.5320508e+00  -1.2184606e+01
  -2.5512915e-03  -4.0268800e+01   4.5549448e+00  -1.1636308e+01
  -6.9018629e-03   3.3219000e+00   4.5481147e+00   1.9306159e+01
   3.4272229e-03   1.4814400e+01   4.4914381e+00   3.1596362e+01
   4.0830687e-03  -4.1097000e+00   4.4100635e+00  -1.5799632e+01
   5.1832265e-03   2.9235000e+01   4.4097442e+00  -2.5192124e+01
   4.3736935e-03  -1.0024900e+01   4.3975314e+00   4.6563897e+01
   6.1665322e-03  -3.5538800e+01   4.4655952e+00   2.2927573e+01
  -7.4758537e-03  -9.1681000e+00   4.4744152e+00   1.4847771e+01
  -2.4920343e-03  -4.4270600e+01   4.4743257e+00  -1.4476939e+01
   1.7883703e-03  -4.9574400e+01   4.4841618e+00  -8.2589399e+00
   4.5591272e-03  -5.7949000e+01   4.5009240e+00  -3.8553265e+01
   2.1788647e-03  -7.1525100e+01   4.4844972e+00  -3.3327821e+01
   3.9791348e-03  -5.4971300e+01   4.4271690e+00   3.2264253e-01
   9.7069630e-03  -3.6743500e+01   4.3849417e+00  -1.1077777e+01
   1.2008907e-02  -3.8538800e+01   4.3078898e+00   4.1791896e+01
  -2.3545081e-03  -1.9145900e+01   4.2024220e+00   2.7614243e+00
   1.0398523e-02  -5.6812200e+01   3.9463822e+00  -8.2787580e+00
  -8.1715821e-03  -7.8701000e+01   3.7039908e+00   5.4892406e+01
  -1.1724308e-03  -1.0832430e+02   3.7552295e+00   5.8552300e+01
   1.1154603e-02  -1.0189590e+02   3.7531824e+00   5.3050020e+01
  -4.2402779e-03  -9.9185800e+01   3.8413887e+00   3.9752719e+00
  -1.1194917e-03  -9.8406900e+01   3.9461115e+00   1.6604015e+00
   5.3713467e-03  -8.2747000e+01   3.9670172e+00  -3.4385254e+01
   7.0723759e-03  -4.9436100e+01   3.8490572e+00  -2.3037293e+01
  -3.6057265e-03  -4.0428500e+01   3.6563205e+00   7.2101392e+00
  -1.6616783e-03  -5.8198900e+01   3.6084762e+00  -2.3789254e+00
  -8.2357089e-05  -6.9554800e+01   3.6291153e+00   5.1245736e+01
   7.6160947e-03  -1.0041790e+02   3.5542799e+00  -6.0061237e+00
   2.7084623e-03  -1.1161970e+02   3.3918110e+00   6.4747331e+00
   1.7167277e-04  -1.4108860e+02   3.2032400e+00   4.5685780e+01
  -1.0323147e-02  -1.6374290e+02   3.1748722e+00   4.3636763e+01
  -5.3981285e-04  -1.4155150e+02   3.3628550e+00   1.6142978e+01
  -9.9294315e-03  -9.5694300e+01   3.4669411e+00   3.8996926e-01
  -9.9761808e-03  -9.3758300e+01   3.5943525e+00   2.0252137e-01
   8.7473614e-03  -9.5823200e+01   3.6682028e+00  -2.1310624e+01
   8.9488407e-03  -8.0487200e+01   3.6063410e+00  -7.8767834e+00
  -6.7657167e-03  -8.5541800e+01   3.5976842e+00  -2.4007948e+01
   3.9773910e-03  -6.4854300e+01   3.5872943e+00  -3.0293279e+01
   1.4174714e-02  -6.0162800e+01   3.6757644e+00   3.5294521e+01
   1.2934134e-02  -3.9136000e+01   3.6056342e+00  -1.1704065e+01
  -6.3820287e-03  -4.1366800e+01   3.7140104e+00  -7.6912405e+00
  -1.1556091e-02  -5.6296900e+01   3.7384251e+00   6.1041070e+01
   1.5072646e-03  -7.3937000e+01   3.7639695e+00   4.2656800e+01
  -1.0842780e-02  -3.2877600e+01   3.7060998e+00   2.9399112e+01
  -5.7089851e-03  -2.6058100e+01   3.7245834e+00  -2.5009901e+01
   6.9969596e-03  -4.8582900e+01   3.7198125e+00  -3.7014691e+01
   6.4524429e-03  -6.0805300e+01   3.6495821e+00  -3.8678064e+01
   6.6727838e-03  -5.5538600e+01   3.6651901e+00  -2.5123590e+01
  -7.5030504e-03  -3.2672500e+01   3.7229360e+00  -5.2028763e+01
   2.4759402e-03  -1.5222400e+01   3.7762674e+00  -1.8816440e+00
   2.7560065e-03  -6.6570000e+00   3.7939497e+00  -1.4837730e+01
   7.9725207e-03  -8.8985000e+00   3.8816538e+00  -2.6028795e+01
  -2.9658529e-03   1.7998000e+00   3.8996854e+00  -5.7523587e+01
   4.3219717e-03  -2.5065800e+01   3.9276997e+00   3.3920425e+01
   2.5140904e-03  -3.4984600e+01   3.9014825e+00   5.6630044e+00
  -4.0520731e-03  -3.2180300e+01   3.8813593e+00  -3.3670721e+00
  -4.0374532e-03  -3.4430400e+01   3.9554612e+00   2.2351362e+01
  -3.4570395e-03  -2.0914900e+01   4.0292777e+00  -1.9677241e+01
   7.0550387e-03  -1.6420700e+01   4.0480689e+00  -4.6007141e+01
