  9.8977198e-001  3.7817200e+001 -5.0755011e+001 -4.7746311e+000
  1.1826247e-001  4.3265200e+001 -5.1041950e+001  1.9871258e+001
  9.8142569e-002  4.5714500e+001 -4.9837976e+001  1.0541805e+001
  2.2879280e+000  4.9814300e+001 -4.6613127e+001  2.0585073e+001
 -1.0925364e+000  5.3727000e+001 -4.4326540e+001 -2.0417383e+001
  3.0215061e+000  5.4621600e+001 -4.3743437e+001 -1.1747360e+001
 -1.1737018e+000  5.9329800e+001 -4.5537207e+001  1.0516879e+001
  1.7363792e+000  6.4804900e+001 -4.0329341e+001 -1.5948673e+001
 -1.9763143e+000  7.6037900e+001 -4.1210404e+001  1.1377989e+001
 -4.9756823e+000  7.4525900e+001 -3.7564331e+001  8.3867631e+000
  7.6010834e-001  7.8316500e+001 -3.3803862e+001 -1.7040924e+001
  2.1813878e+000  7.4307100e+001  1.0214519e+001 -2.1398596e+001
  8.4188727e-001  6.6453100e+001  3.5251784e+001  1.7421625e+001
  7.6924826e-001  7.0211900e+001  3.6424328e+001  8.9328884e+000
  1.2953435e+000  6.4694600e+001  3.5720089e+001  2.6558461e+001
  2.9548317e-001  7.1959200e+001  3.7017061e+001  2.9617669e+001
 -7.3771329e-001  6.2142400e+001  3.6504133e+001 -1.5635954e+000
 -1.9410499e+000  5.2188600e+001  3.3491470e+001 -1.7902034e-001
 -2.6585374e+000  4.9997200e+001  3.1731245e+001 -8.7153447e+000
  9.8770307e-001  5.0305600e+001  2.9148170e+001  4.2738274e+000
  3.1314315e-001  5.0601700e+001  2.7639896e+001  6.1433436e+000
  1.3623857e-001  4.8933400e+001  2.7385147e+001  3.8681990e+000
 -8.9712866e-001  2.8065600e+001  2.8899517e+001 -1.3877476e+001
 -4.0672422e+000  1.2973600e+001  2.7740981e+001  1.2332009e+001
 -1.9494396e+000  6.3270000e+000  2.9337952e+001  1.4260443e+001
 -1.5963560e-001 -7.2874000e+000  3.0705546e+001  7.3285036e+000
 -7.4311982e-001 -2.0936900e+001  3.0176758e+001  4.3486080e+000
  4.6021212e-001 -2.3585400e+001  3.0063643e+001 -2.1459780e+000
  2.4968496e+000 -1.6566200e+001  3.5734048e+001 -1.0942902e+001
  2.5976952e+000 -2.1365200e+001  3.3952136e+001 -2.7136311e+001
  2.1328410e+000 -2.5049500e+001  3.5138351e+001 -1.7088511e+001
  3.0854825e+000 -1.4264900e+001  3.2918402e+001  6.4130072e+000
 -9.9072912e+000 -1.3901400e+001  3.6691686e+001  2.2973522e+001
  3.4483867e+000 -5.4131000e+000  3.8524792e+001  3.0954657e+000
  1.3519271e+000 -1.5493600e+001  3.6442693e+001  9.1549643e-001
 -1.4629076e+000 -2.5300000e+001  2.5103949e+001  4.0658012e+001
  2.6594447e+000 -2.9627800e+001  2.4849511e+001 -2.6925566e+001
  2.4654617e+000 -1.2596000e+001  2.6538597e+001  1.2912125e+001
 -1.8442850e+000 -9.4531000e+000  2.5467985e+001  7.9675382e+000
  4.2709865e-001 -1.6201000e+000  2.5083905e+001 -5.9960484e+000
  3.2298284e+000  7.5840000e-001  2.5074040e+001 -5.1372040e+000
  6.0047623e-001 -3.4413000e+000  2.4768639e+001  2.0032150e+000
  7.0613901e-001 -5.4793000e+000  2.4760501e+001 -1.2071410e+001
  1.5426593e+000 -6.1125000e+000  2.3424993e+001  1.6055179e+001
  3.0173652e+000 -3.0286000e+000  2.3053879e+001  3.0197786e+001
  9.2957998e-001 -1.9227000e+000  2.3373997e+001  2.6127906e+000
  2.4422485e+000 -1.5547400e+001  2.3811711e+001 -3.0286163e+001
 -9.4441229e+000 -2.8144400e+001  2.6175155e+001  1.9590264e+001
  6.4986004e+000 -2.4134000e+001  2.7884685e+001 -6.0141770e+000
  8.1285907e-001 -2.4443200e+001  2.7655541e+001  1.8289534e+001
 -1.5791971e+000 -2.2668300e+001  2.5740951e+001  4.3823726e+001
 -3.2489687e+000 -1.5676300e+001  2.7202561e+001  2.2395671e+001
  1.5261751e+000 -1.9919800e+001  2.6773836e+001  1.1310007e+001
 -1.9286178e+000 -2.3406500e+001  2.4971985e+001  3.5509478e+000
  1.4134148e+000 -2.5951700e+001  2.6128166e+001  8.0491171e+000
  2.0766996e+000 -2.6083100e+001  2.4567631e+001 -1.0723092e+001
 -2.1324456e-001 -1.3364300e+001  2.4492368e+001  2.0535219e+001
  1.9030259e+000 -1.3816200e+001  2.4187935e+001  1.6057445e+001
  2.0039063e+000 -1.7737200e+001  2.4726690e+001 -5.8872765e+000
 -9.4901282e+000 -1.8181800e+001  2.2447307e+001  1.0863589e+001
  2.6160412e+000 -1.8463700e+001  2.1209519e+001 -5.2369115e+000
  8.7064907e-001 -1.8901100e+001  2.1680827e+001  3.1165402e+001
  1.5094052e+000 -1.9491300e+001  1.9721635e+001  2.8756559e+000
 -1.7156910e+000 -5.7880000e+000  1.9548035e+001 -2.3698667e+001
  2.3361411e+000 -1.8264000e+000  1.8982371e+001  1.9828202e+001
 -7.1275901e-001 -8.3261000e+000  1.7871612e+001  1.0598457e+001
  1.3376676e+000 -8.7395000e+000  1.7055528e+001 -2.3392747e+001
  3.4521558e+000  1.2000000e-002  1.6632104e+001  2.3630685e+001
  6.8430597e-001 -3.0127000e+000  1.6419768e+001  2.2506709e+001
  2.3499534e-001  6.3620000e+000  1.6574480e+001  7.1676119e+000
 -2.1853449e+000  4.2912000e+000  1.7331365e+001 -1.1502623e+001
 -2.5329862e+000 -2.1695000e+000  2.0131379e+001 -2.4473667e+000
  5.3887928e-001  1.2908000e+000  2.1536710e+001  1.2098603e+001
  1.9000457e+000  1.2226300e+001  2.3813276e+001  4.2264663e+001
  1.9871661e+000  1.3072500e+001  2.9703926e+001  8.5000671e+000
 -3.2341091e-001  2.3544800e+001  3.6344862e+001  5.8918087e-001
  4.0131916e-001  3.1668000e+001  4.5381745e+001  2.5436751e+001
  1.0010284e+000  3.4922900e+001  5.3624769e+001 -2.5787994e+001
 -2.0003629e-001  2.6456800e+001  5.6452486e+001  2.0637193e+001
 -3.8228279e-001  2.9252700e+001  5.9912452e+001  6.7393227e+000
  7.0340636e-001  2.8771400e+001  5.8803010e+001  4.7399601e+001
  5.0947337e-001  3.0887600e+001  6.5315150e+001  5.8034316e+000
 -7.2816618e-001  2.3857900e+001  7.0898919e+001 -1.8901376e+001
 -1.8150642e+000  2.2940300e+001  7.5648868e+001  4.1754795e+001
  5.8809528e-001  2.4951500e+001  7.9601808e+001  1.9182370e+001
 -1.7180144e+000  2.5256500e+001  8.1318618e+001  3.2971468e+000
 -2.0586532e+000  3.2971300e+001  8.0683244e+001  2.8026881e+001
 -1.0195266e+000  3.3861500e+001  8.2027311e+001  8.2304035e+000
  3.8375033e-001  3.0557800e+001  8.1488866e+001 -4.4143244e+000
 -6.6834102e-001  2.5268100e+001  8.1454696e+001 -6.1863991e+000
 -2.7363357e-001  2.8873300e+001  8.0527884e+001  1.9218627e+001
 -1.9504131e+000  2.9062900e+001  7.9748113e+001 -2.0852471e+001
 -4.3029252e+000  2.8596900e+001  7.9291226e+001  1.3451452e+001
  1.4690862e+000  3.2241000e+001  7.9553841e+001  5.6425399e-001
  2.4043806e+000  3.3299800e+001  8.0150781e+001 -2.1371403e+001
 -2.6945391e-001  3.1128600e+001  8.7881125e+001  4.6407058e+001
  4.5649300e-001  2.9818400e+001  8.7353234e+001  1.7614242e+001
  1.1160505e+000  2.4691400e+001  8.4888661e+001  4.4406109e+001
 -1.7245943e+000  2.2602400e+001  8.4586602e+001  4.0456331e+001
 -1.4105356e+000  1.7835600e+001  8.2420348e+001  2.7439966e+001
 -1.2068100e+000  1.9846400e+001  7.9368605e+001  9.1572304e+000
 -2.3254978e+000  1.5577700e+001  7.7047018e+001  2.5296254e+001
 -1.7169936e+000  6.8422000e+000  7.4185377e+001 -2.7884118e+001
  2.0494681e-001  5.4287000e+000  7.2147445e+001  1.9384051e+001
  6.7280912e-001  6.6482000e+000  7.1797508e+001  5.3413778e+001
 -1.0571971e+000  6.0644000e+000  7.3547798e+001  2.2064824e+001
  1.7746345e+000  2.4930000e+000  7.2507855e+001  1.1937711e+001
 -4.6116707e-001  5.8700000e-002  7.1042526e+001  2.8162846e+001
 -1.1745488e+000 -5.0428000e+000  7.0556267e+001  1.5341363e+001
 -3.4287347e+000  6.2900000e-002  6.6501074e+001 -8.5136636e+000
 -2.5169665e+000  4.1351000e+000  6.2446870e+001  2.5085509e+000
  1.6464014e+000  2.1782000e+000  6.1382010e+001 -2.0281418e+000
  3.6798389e+000 -1.1546700e+001  6.3276143e+001 -2.6898373e+000
 -7.8445023e-001 -2.6915600e+001  6.1720792e+001  1.0342390e+001
 -1.4636240e-001 -2.8501400e+001  6.0039721e+001  3.0879876e+001
 -2.7265708e-001 -1.8074700e+001  6.0282219e+001 -1.7908832e+001
  3.1818720e+000 -1.7786000e+001  6.0627676e+001  3.8527897e+001
  1.0685971e+000 -1.6059800e+001  6.0157115e+001  2.7084191e+001
 -2.0694854e+000 -1.2981200e+001  5.9735769e+001 -8.9646136e+000
 -2.7699570e+000 -1.1768400e+001  5.5016885e+001  3.8276362e+001
 -5.7548650e+000 -8.8891000e+000  5.2855517e+001  2.0281418e+001
  1.8377968e+000 -7.1949000e+000  4.4876507e+001 -5.8124959e+000
  4.3852376e-001 -5.9095000e+000  4.2462710e+001  2.7310799e+001
  3.2812605e+000 -6.1005000e+000  4.4112566e+001  1.0627916e+000
  3.9796200e-001 -1.4689400e+001  4.6335097e+001  8.2938538e+000
  3.3165579e+000 -2.1752700e+001  4.4312486e+001 -1.6340705e+001
 -2.8031978e-001 -2.2445400e+001  4.6552808e+001  5.5924595e+001
  1.1927686e+000 -2.0528900e+001  4.6389058e+001  1.6263658e+001
 -4.7430901e-001 -1.8719900e+001  4.6430559e+001  1.9261682e+001
  6.6810944e-001 -1.4255500e+001  4.4159185e+001 -7.7817197e+000
 -1.4673311e+000 -2.0607400e+001  4.4582193e+001  2.3145744e+001
  2.1122163e-001 -1.9600500e+001  4.2173017e+001  2.3046036e+001
  6.4119868e-001 -1.5650600e+001  4.2065713e+001 -1.2941584e+001
 -5.0750557e-001 -1.3167100e+001  4.1912007e+001  1.7811391e+000
  3.6354746e-001 -1.0947500e+001  4.2075189e+001  3.2382287e+001
 -6.9719799e-001 -1.1291700e+001  4.2395729e+001  4.7585420e+001
  2.3178975e+000 -1.6455300e+001  4.1963158e+001  7.0701704e+000
 -1.3002669e+000 -1.9490500e+001  4.0925136e+001  1.1847068e+001
 -3.0976189e+000 -1.8985300e+001  4.0361123e+001 -1.7534929e+001
  8.5690105e-001 -1.7091600e+001  3.9310551e+001 -1.7691289e+001
  7.6110751e-001 -1.6386300e+001  3.9242333e+001  5.3329933e+001
  3.1356346e-002 -1.1962400e+001  3.8878397e+001  1.6032518e+001
 -7.3795185e-002 -1.3763300e+001  3.6151510e+001  2.0385658e+001
 -2.3065635e+000 -1.5832900e+001  3.4052492e+001 -5.3139582e+000
  2.7372450e+000 -1.8564700e+001  3.1650865e+001 -2.6941428e+001
  4.0145505e-001 -1.7610500e+001  3.1956655e+001  2.1740774e+001
 -7.8240135e-001 -1.4642000e+001  3.3193206e+001  3.5366715e+001
 -2.6853137e+000 -1.6994200e+001  3.3042703e+001  4.9201135e+001
 -2.8022623e+000 -2.2847100e+001  3.1487018e+001 -1.7972283e+001
  1.9845014e+000 -3.3310900e+001  2.8774068e+001 -2.2919136e+001
 -2.6195212e-001 -3.8666500e+001  2.8738972e+001 -1.1137785e+001
  3.5361301e+000 -3.3200900e+001  2.8365711e+001  2.3114019e+000
  3.0646777e+000 -2.4472000e+001  2.8858602e+001 -6.9160770e+000
  8.5305795e-001 -2.4024200e+001  2.9623109e+001  2.0029884e+001
  5.5821037e-001 -2.4005200e+001  2.5752398e+001  4.0812106e+000
 -1.8698829e+000 -2.5167700e+001  2.0380854e+001  2.6877978e+001
  1.7997520e-002 -3.4417000e+001 -1.1397759e+001  2.3476592e+000
 -8.9850392e-001 -3.6800200e+001 -3.5030796e+001  2.4217600e+001
  1.8868551e-001 -4.1243200e+001 -4.2486253e+001 -2.7646179e+000
  2.1145182e+000 -4.5014200e+001 -4.2609886e+001 -1.8253277e+001
  1.3589812e+000 -4.7405200e+001 -5.0217745e+001 -1.7222210e-001
  1.9709949e+000 -5.7298900e+001 -6.1893724e+001  3.7972707e+001
  1.1146591e+000 -5.4895200e+001 -5.3551566e+001 -1.7020529e+001
 -7.0825433e+000 -3.5766000e+001 -4.5982905e+001  1.4722724e+001
  6.4657004e-001 -3.1872800e+001 -4.6710794e+001  1.6365632e+001
  1.6660466e+000 -3.3477100e+001 -4.1708030e+001 -6.4605949e+000
  3.0221719e-001 -4.0071900e+001 -3.6929221e+001 -1.3066219e+001
 -1.2427913e+000 -3.0390400e+001 -2.2549434e+001  1.1670313e+001
 -1.2599954e+000 -2.7248800e+001 -1.9736787e+001  1.4230984e+000
 -1.3591434e+000 -2.2953100e+001 -1.8458380e+001  8.7719967e+000
  1.2351841e+000 -1.6971300e+001 -1.5318002e+001 -3.3945882e+000
  1.4558881e+000 -1.3629000e+001 -1.3591523e+001 -2.5108169e+000
 -5.3895743e-001 -2.0402700e+001 -1.1543719e+001  1.1223896e+001
  4.5265540e+000 -2.2230300e+001 -8.9104607e+000 -2.3182001e+000
  1.3673582e+000 -1.3446200e+001 -9.0378234e+000  2.4210802e+001
 -1.0396862e+000 -1.5535200e+001 -1.3346514e+001  1.4974258e+001
  3.3518179e-001 -1.2684700e+001 -1.3823358e+001  4.6436517e+001
 -7.9595210e-001 -9.9499000e+000 -1.6297740e+001  2.4106562e+001
  1.2791650e-001 -6.0603000e+000 -2.1791906e+001 -2.8418913e+001
 -1.3564730e+000 -1.9812000e+000 -3.2867368e+001  7.2284253e+000
  1.3999664e-001  3.5732000e+000 -3.3169167e+001 -1.0774402e+000
  6.2931113e-001  5.9597000e+000 -3.8069753e+001 -6.5585735e+000
  5.3899178e-001  2.1830000e+000 -3.2802222e+001  2.2206213e+000
 -4.9034625e-001 -9.9450000e-001 -3.1092670e+001  9.7933363e+000
 -5.8356961e-001 -6.3585000e+000 -3.4253709e+001  7.1855174e+000
  7.3803682e-001 -9.8362000e+000 -3.9230282e+001  5.4810193e+000
  1.9849556e+000 -8.8126000e+000 -4.3015882e+001 -2.6784219e+001
  6.0005184e-001 -6.5018000e+000 -4.6844591e+001 -1.6980217e+001
  2.8045536e+000 -5.0492000e+000 -5.3056242e+001  3.1275494e+001
  7.5142097e-001 -2.1100000e-001 -5.6423370e+001 -2.0153922e+001
  4.0203589e-001  1.4123000e+000 -4.5911685e+001 -8.6897188e+000
 -4.8153872e+000  4.3639000e+000 -3.3504896e+001  1.6276850e+001
 -8.1966908e-001  1.6886000e+000 -3.0342454e+001 -1.3468686e+000
  6.8835855e-001  4.0478000e+000 -2.4083990e+001 -3.8929629e-001
  7.3109686e-001  3.5094000e+000 -1.5067029e+001  1.9781377e+001
 -1.3391796e-001  5.4567000e+000 -1.8348467e+001  1.5184280e+001
  6.2743891e-002 -3.3202000e+000 -2.2851981e+001 -2.4471071e+001
  8.7429566e-001 -4.4025000e+000 -2.4718216e+001  2.3762884e+000
  1.4878596e+000 -3.6020000e+000 -2.9034616e+001  3.5575028e+001
  1.3732672e-001 -2.8802000e+000 -2.7037033e+001 -2.4271326e+001
  9.3801446e-001  2.3700000e-001 -2.3784666e+001  7.2907823e+000
  1.2371567e+000  3.6705000e+000 -2.4018707e+001  3.9605773e+001
 -5.7923196e-001  1.9578000e+000 -1.5312337e+001  3.2400864e+001
 -9.1185430e-001  2.4643000e+000 -1.3989628e+001 -2.3051488e+001
  4.2177459e-001  7.7780000e-001 -1.8005143e+001 -1.7455498e+001
  1.4660852e+000  3.8790000e-001 -2.2812322e+001  7.8475329e+001
 -4.4635449e-001 -4.3336000e+000 -3.5871877e+001  2.2681916e+001
 -9.2247487e-001 -8.7678000e+000 -3.9632561e+001  3.9861382e+001
 -1.3630389e+000 -1.3585300e+001 -4.6145688e+001 -1.4036888e+001
  1.7272417e-001 -1.9186500e+001 -3.7828403e+001 -4.2941649e+001
 -6.0423320e+000 -1.4494700e+001 -3.6306076e-001 -8.0509050e+000
  4.3763028e+000 -1.6104000e+001  1.9791422e+001 -6.0265059e+001
  5.7009055e-001 -1.4160500e+001  2.8681994e+001  3.4070685e+001
  1.3576638e+000 -1.1566500e+001  1.9921977e+001 -2.3042587e+001
  3.4810019e-001 -6.9702000e+000  2.9004913e+000 -2.6171774e+001
 -2.9791442e-001 -6.7386000e+000 -1.1115590e+001  2.4183848e+000
 -5.1367699e-001 -1.9946000e+000 -3.0958363e+001  2.0587063e+001
  4.2200723e-001  1.7703000e+000 -3.4972280e+001  2.5655827e+001
 -2.3352831e+000 -1.6507000e+000 -3.1071438e+001 -3.7796784e+001
 -2.9946697e-001  4.2000000e-002 -3.1222748e+001 -5.5412811e+000
  3.2578250e-001  9.9600000e-001 -3.4727315e+001 -2.0461930e+001
  1.6629985e+000 -2.8816000e+000 -3.2869744e+001  1.1685881e+001
 -1.1635020e+000 -5.3819000e+000 -3.0069130e+001  1.4542417e+001
  1.7308100e+000 -3.9294000e+000 -2.8823444e+001 -5.4510600e+000
 -7.3715417e-002 -1.8463000e+000 -2.4542455e+001  7.4990134e+000
  4.0547703e-001 -1.6841000e+000 -2.7580343e+001 -5.6296644e+000
  6.6965258e-001 -4.2771000e+000 -3.9823073e+001 -3.3773202e+001
  1.1123583e-001 -5.5768000e+000 -4.6329846e+001  3.4552607e+001
 -1.3759759e+000 -1.2234400e+001 -4.7169586e+001  3.3238732e+001
 -1.0803976e+000 -1.6147600e+001 -4.5304626e+001 -1.9595646e+001
  6.0041997e-001 -1.8205500e+001 -3.9529541e+001  1.4837487e+001
 -1.8938271e+000 -1.4095800e+001 -3.1886495e+001 -5.4980532e+000
  4.1014845e-001 -1.8408900e+001 -2.6785300e+001 -3.6254106e+001
  7.8159067e-001 -2.3724000e+001 -2.7525295e+001 -4.0560632e-001
 -2.2184151e-002 -2.3687900e+001 -3.0252188e+001  1.7683013e+001
  4.3713998e-001 -2.4468900e+001 -3.0413094e+001 -2.4244125e+001
  1.3216764e+000 -2.4205100e+001 -3.0422915e+001  2.4165527e+001
 -4.7677294e-001 -1.7116200e+001 -3.5687286e+001 -2.2007439e+001
  5.2895346e-001 -1.0922600e+001 -4.4095231e+001  1.8031478e+001
 -3.0421911e-001 -1.3347200e+001 -4.5275866e+001  2.9170139e+001
  5.8440980e-001 -1.2227200e+001 -4.1919142e+001  5.2611977e+000
 -1.1794637e+000 -8.1178000e+000 -3.9731140e+001  1.2492836e+001
 -1.1739827e+000 -6.2235000e+000 -3.7148636e+001  1.3205562e+001
  3.1244412e-001 -3.3710000e+000 -3.9965182e+001  1.3667612e+000
 -4.7679457e-001 -4.8627000e+000 -4.6320807e+001 -8.4299290e+000
  1.0143396e+000 -1.0425800e+001 -5.2532935e+001 -1.5130979e+000
 -2.9625453e-001 -1.0075000e+001 -5.3821424e+001 -1.3682658e+000
  1.8895792e-002 -8.9526000e+000 -5.6026707e+001 -2.4764756e+001
  7.7123021e-001 -1.0817400e+001 -5.4692594e+001  6.3895855e+000
  1.0570440e-001 -1.3688700e+001 -6.5367672e+001  2.4730600e+000
  6.3927430e-001 -1.6393300e+001 -7.6783464e+001  3.5499571e+000
  4.2186158e-001 -1.6544600e+001 -7.3880161e+001  4.4615366e+001
 -2.9417641e-001 -1.9859500e+001 -7.4385487e+001 -9.1123193e+000
 -1.4977193e-001 -2.0224000e+001 -7.2510459e+001  7.8865998e+000
 -7.6152034e-001 -1.3609900e+001 -6.2758123e+001  4.5674676e+000
  7.3220140e-001 -7.1321000e+000 -5.5031542e+001 -5.6632239e+000
  5.1736470e-001 -1.1789500e+001 -4.7366534e+001 -7.8928923e+000
 -6.5584229e-001 -9.8443000e+000 -4.4926074e+001 -1.2366942e+000
 -1.7758143e-001 -7.3607000e+000 -5.0362816e+001 -3.1990171e+000
  9.9874842e-001 -5.5843000e+000 -5.5170235e+001  4.3116478e-003
  8.0977667e-001  1.9883000e+000 -5.2999684e+001  3.0487139e+001
  2.8231735e-001  3.2081000e+000 -5.2106037e+001 -7.5433482e+000
  5.1825809e-001  6.1254000e+000 -5.6525092e+001  1.9288094e+000
 -6.5450033e-001  6.5604000e+000 -5.1966543e+001 -2.9284392e+000
  8.3753776e-001  5.9209000e+000 -4.8381925e+001  1.2104534e+001
 -1.2076692e+000  1.0007600e+001 -4.8580535e+001 -3.0429798e-003
  1.2937602e+000  1.0933300e+001 -4.0673283e+001  1.4571517e+001
  7.6057218e-003  1.0770500e+001 -4.1622196e+001 -1.5138338e+001
 -1.3865785e+000  6.0523000e+000 -4.8100828e+001  1.8461995e+001
  1.5366936e+000  5.3488000e+000 -5.3715223e+001 -2.2069222e+001
  2.0990170e-001  7.8136000e+000 -5.3669492e+001 -2.8148794e+001
  6.2900357e-001  6.2644000e+000 -5.2777645e+001  8.1008571e-001
 -5.4285676e-001 -7.0800000e-001 -5.5584164e+001  2.0460449e+001
  3.1613466e-001 -2.3208000e+000 -5.4312337e+001  1.0402314e+001
  6.1910239e-001 -3.1579000e+000 -4.8508183e+001 -3.4189156e+001
 -1.1143345e-001 -5.6716000e+000 -4.9312288e+001  7.0547351e+000
  6.2694403e-001 -9.3312000e+000 -4.7860597e+001  2.3314328e+001
 -2.3454744e-001 -1.1254200e+001 -3.6861849e+001 -2.4824442e+000
 -2.3301699e-001 -8.9689000e+000 -3.0307479e+001 -2.4178512e-001
  4.0150972e-004 -1.0337000e+001 -3.6339498e+001 -4.2723109e+000
  5.0389293e-001 -1.5755600e+001 -4.0588481e+001 -3.6971740e+000
  1.3564362e-001 -2.2739500e+001 -3.9340873e+001 -1.2199142e+001
 -5.1719862e-001 -2.4313500e+001 -3.4832414e+001  1.1554078e+001
  7.4043470e-001 -2.7500700e+001 -2.8052800e+001 -3.7820129e+001
  5.5813186e-001 -2.2219000e+001 -2.3153857e+001  2.8512980e+001
  6.9732672e-001 -9.4887000e+000 -2.5910686e+001 -1.5668215e+001
  8.8296649e-001 -8.3167000e+000 -2.3721145e+001 -2.6046018e+001
 -1.0140480e-001 -9.1011000e+000 -2.4774586e+001  5.2628637e+001
  5.4652043e-001 -9.9047000e+000 -3.4719778e+001 -3.2974841e+000
 -2.1534233e-002 -8.6287000e+000 -4.3379075e+001  3.4010680e+001
  7.9976954e-001 -1.1649000e+001 -5.0635868e+001  2.6438683e+000
 -9.9547321e-001 -1.5340800e+001 -4.6677132e+001 -1.8665398e+001
 -1.1861778e+000 -1.5578300e+001 -5.3552302e+001 -3.9707722e+001
  6.8647767e-001 -1.2861400e+001 -5.2873390e+001 -9.2421497e+000
  1.3448084e+000 -1.4709500e+001 -5.0470679e+001 -1.7823229e+001
  5.3072534e-001 -1.4642600e+001 -5.1333481e+001 -9.4642111e+000
  7.7883667e-001 -1.3572000e+001 -4.6707112e+001  3.2809006e+001
 -2.1886699e-001 -1.7044300e+001 -5.1475249e+001  3.2504942e+001
 -2.8112762e-001 -1.6996600e+001 -6.2959467e+001 -2.0158167e+001
  1.8218454e+000 -2.0499400e+001 -7.3793359e+001  3.1232301e+001
  5.4209656e-001 -2.9529900e+001 -8.1102216e+001 -3.2696459e+000
 -1.7295291e-001 -2.5273000e+001 -8.8744281e+001  4.1679489e+000
 -2.0320473e-001 -2.9323700e+001 -8.5129652e+001  3.4772762e+001
 -7.9486756e-001 -2.9559300e+001 -8.6949554e+001  1.3717713e+001
 -4.1149039e-001 -3.5057000e+001 -9.5334815e+001 -5.3010403e+001
 -1.9368489e-001 -3.9399000e+001 -9.6098350e+001  6.5972202e-001
 -1.4928700e+000 -4.2725800e+001 -9.8055738e+001 -1.3797127e-001
  1.3162574e-001 -3.6725100e+001 -8.6240681e+001 -3.5694357e+001
  1.7998157e-001 -2.9193800e+001 -9.1791742e+001  5.9275278e+001
  1.2687607e+000 -3.0687200e+001 -1.0161827e+002 -1.2526718e+001
 -2.6368200e-001 -3.8445100e+001 -1.1753497e+002 -1.8717126e+001
  3.5268560e-001 -4.2196600e+001 -1.0983597e+002  5.9136931e+001
  4.7932226e-001 -3.9265300e+001 -1.0817658e+002 -2.5979409e+001
 -4.7974504e-001 -2.9822600e+001 -9.2421966e+001  2.1924133e+001
 -2.1764411e+000 -3.3109000e+001 -7.2810007e+001 -7.2092385e+000
 -2.9414108e-001 -2.4539100e+001 -6.7933429e+001 -5.9334412e+000
 -1.6088207e+000 -2.8597700e+001 -6.5773244e+001 -1.9346777e+001
  2.3276645e+000 -2.9561000e+001 -5.3574260e+001  7.4031309e+000
 -1.6774647e-001 -2.5548200e+001 -4.5779826e+001 -1.4707064e+001
  6.7185927e-002 -2.0587900e+001 -3.6092183e+001 -3.2887904e+001
  7.6794164e-001 -1.2311500e+001 -3.6363272e+001  1.5933596e+001
 -3.1606600e-002 -1.2485100e+001 -2.9747187e+001 -2.6208202e+001
 -1.2313731e+000 -1.2184400e+001 -2.4887522e+001 -1.9255513e+001
  1.5685458e+000 -1.1240800e+001 -2.1395572e+001  2.9743705e+001
  9.3517885e-001 -1.0660000e+001 -1.3831295e+001  1.1606720e+001
  4.7644087e-002 -3.7841000e+000 -1.3292364e+001  8.0532810e+000
  9.8154448e-001 -2.2111000e+000 -2.6370634e+001 -3.3518986e+000
  7.5310797e-001 -4.0303000e+000 -1.8405668e+001 -2.9694447e+001
 -3.0391824e-001 -4.7982000e+000 -9.7161528e+000 -5.4939566e+000
  9.1427999e-001 -4.0490000e+000 -1.3204397e+001 -6.0163667e-001
  1.1969410e+000 -3.2563000e+000 -1.0387309e+001  4.5321813e+000
  1.3799216e-002 -1.5883000e+000 -4.9754330e+000 -1.3847119e+001
  6.3739086e-001 -9.8920000e-001 -7.9689224e+000  7.5814657e+000
  7.9093035e-001 -1.2792000e+000 -7.1699175e+000 -9.4269733e+000
 -1.8054435e+000 -4.4255000e+000 -2.4874305e+001  8.2901889e+000
 -1.1776015e-001 -6.0708000e+000 -2.8263630e+001 -6.8070702e-001
 -6.7992463e-001 -8.8362000e+000 -2.6550138e+001 -2.6061239e+001
  9.5975324e-001 -7.9523000e+000 -3.4781560e+001  6.6599020e+001
 -1.3544106e+000 -1.0010400e+001 -3.5038730e+001  2.2586253e+001
 -1.0095792e+000 -1.0018000e+001 -2.8657049e+001 -3.4056317e+001
 -2.3281266e+000 -1.2541400e+001 -3.1682090e+001 -5.8315254e+001
  2.8885892e+000 -1.9023300e+001 -3.6609495e+001  1.0405938e+001
  2.5517893e-001 -3.0710500e+001 -3.2267528e+001  1.5366603e+001
 -6.9352418e-001 -3.3136000e+001 -3.8107803e+001 -7.5075646e+000
 -1.4483008e-001 -3.5869500e+001 -5.6049938e+001  2.1378034e+001
  5.2004522e-001 -3.8805800e+001 -7.1533139e+001 -2.0634573e+001
 -6.1345004e-001 -3.7412400e+001 -7.2164073e+001 -2.0507612e-001
 -1.2638707e+000 -3.3058000e+001 -6.5722571e+001  4.2774243e+001
  1.3984658e-001 -3.1132200e+001 -5.9085906e+001  3.9977990e+001
 -2.9740061e-001 -2.5046000e+001 -3.9314295e+001  1.4414049e+001
 -7.8523647e-001 -2.4653800e+001 -3.2453272e+001 -3.0567636e+001
  8.6329921e-001 -2.6988500e+001 -3.0664657e+001  5.8254397e+000
 -2.1556512e-001 -2.9072900e+001 -3.4855415e+001 -5.1284795e+000
  6.9048684e-001 -2.9524600e+001 -2.8717360e+001 -2.6504170e+001
 -4.1026753e-001 -2.8762100e+001 -2.6271079e+001  8.1626397e+000
  8.0025225e-001 -1.9317600e+001 -2.0907529e+001 -5.2370585e+001
  2.0709122e+000 -1.1805400e+001 -2.5458204e+001  6.5228299e+001
  1.4228886e-001 -8.4380000e+000 -3.4931734e+001 -1.7871453e+001
 -2.4370458e+000 -2.1676000e+000 -2.3168545e+001 -1.1835912e+001
  8.0390947e-001 -1.6503000e+000 -1.0884275e+001  3.4657479e+001
  2.3211251e+000 -2.5427000e+000 -5.2554275e+000  1.3272386e+001
  7.6494657e-001  1.9600000e+000 -1.5188904e+001  4.9442944e+001
 -1.5583962e+000  7.2127000e+000 -3.2541449e+001  7.0241936e+000
 -4.0995752e-003  1.0767600e+001 -2.9677415e+001 -3.0167900e+001
 -1.1849623e+000  9.0791000e+000 -2.1877295e+001  2.0831366e+000
  9.0654136e-001  1.0006600e+001 -1.9557928e+001  1.3903970e+001
  6.6147348e-001  1.1462600e+001 -1.8043787e+001  8.2411858e+000
  9.6398357e-001  1.4274800e+001 -2.8865535e+001  7.1991581e+000
  1.2894296e+000  3.3143500e+001 -2.2488860e+001  1.9342531e+001
  3.2860390e-001  3.3950400e+001 -2.1995382e+001 -1.5992417e+001
  1.7591266e+000  3.6443100e+001 -1.8129226e+001 -2.8586697e+000
 -4.3433452e-001  4.0077200e+001 -1.3519343e+001  2.5010029e+001
 -2.8768714e-002  4.1295200e+001 -1.1825867e+001  3.4234267e+001
 -7.7101548e-002  3.9469000e+001 -7.3612281e+000  1.8202763e+001
 -4.7348834e-002  3.5377900e+001 -6.9633008e+000  2.5401119e+001
 -4.5301922e-001  2.7900600e+001  2.4392588e+000 -4.9962425e+000
  2.2157328e+000  2.0181800e+001 -4.3858480e+000 -1.4084744e+001
  6.2426043e-001  2.9473500e+001  2.5490237e+000 -2.1211292e+001
 -1.4129356e+000  3.2845400e+001  1.1979035e+001 -3.1751467e+001
  8.5387710e-001  3.2506500e+001  1.4066133e+001  2.1992243e+000
  8.3942276e-001  3.5100900e+001  2.5071241e+001  4.2464582e+001
 -4.6062631e-001  3.9629700e+001  1.1750152e+001  1.3478502e+001
 -5.0190487e-001  4.0979600e+001 -4.0206911e+000 -2.7096235e+001
  3.8940446e-001  3.4907100e+001  5.6794000e+000  2.7717147e+001
  3.7965321e-001  3.4999100e+001  1.0958581e+001  1.4169814e+001
  4.2714124e-001  3.5822700e+001  2.4685386e+001  5.2398957e+001
  3.9573307e-001  3.4664900e+001  2.3268348e+001  1.8499263e+001
  2.1149676e-001  2.8128900e+001  1.8763898e+001  1.3185983e+001
 -5.1531864e-001  1.8070400e+001  3.1903165e+001 -3.8360813e+001
 -2.1491129e-001  9.3969000e+000  3.8216937e+001  5.1752302e+000
  5.7679203e-002  8.6887000e+000  4.8112137e+001  3.5198697e+000
 -6.0015178e-001  1.6792300e+001  4.6948313e+001 -8.3463702e+000
  1.3027961e-001  2.1075400e+001  4.0595189e+001  2.3817254e+001
  6.3817440e-001  1.8773100e+001  3.0844514e+001 -2.4404094e+001
  3.8137838e-001  1.4745200e+001  3.2640659e+001  1.6502522e+000
 -6.5118449e-001  8.9404000e+000  4.1466418e+001 -2.8056763e+000
 -1.2429040e-001  1.2149100e+001  3.5800446e+001  4.2313609e+001
 -2.2184591e-001  1.4563300e+001  4.0294437e+001  1.8939107e+001
  1.1864687e-001  1.2273300e+001  5.1922177e+001  2.0142156e+001
 -6.1059237e-001  1.1805300e+001  5.4746952e+001 -1.9372205e+001
 -1.2258990e-001  1.5893300e+001  5.3612250e+001 -2.2848030e+001
  1.3955665e+000  1.9817900e+001  5.9494109e+001 -1.4872775e+000
 -4.3231245e-001  2.6155300e+001  5.6760001e+001 -6.8207887e+000
 -3.9334571e-001  2.9762200e+001  4.2321332e+001 -1.3237292e+001
  4.6330899e-001  3.0313400e+001  3.4415044e+001  2.9537455e+001
 -5.0132336e-001  3.1589400e+001  3.4217122e+001  3.9094117e+000
 -3.0019676e-001  3.2389100e+001  3.7941237e+001 -4.1912874e+001
 -4.7996457e-001  3.3358400e+001  2.7466374e+001  3.5860914e+001
  3.5135307e-001  3.2712700e+001  3.5215473e+001  3.2198965e+001
 -1.0622363e-001  3.7151100e+001  3.9347355e+001  1.8284661e+000
  3.3479548e-001  4.0522400e+001  4.6163634e+001  2.3304199e+001
 -6.4356573e-001  4.3420000e+001  4.7597598e+001  1.0542640e+001
 -5.4131989e-001  4.0470300e+001  5.3255039e+001 -1.2478667e+001
  7.0357307e-001  4.4234000e+001  6.1210973e+001 -2.7600232e+001
 -8.9445183e-001  4.6858000e+001  5.7569669e+001 -2.4376495e+001
  1.0731478e+000  5.1337700e+001  6.2931180e+001 -2.4582092e+001
  9.2367813e-001  5.6163600e+001  7.0883601e+001 -1.3216662e+001
 -3.9962265e-001  5.5671500e+001  7.8353015e+001 -1.5322834e+001
  6.0484722e-001  5.3904400e+001  7.5333010e+001  3.2507928e+000
  1.1537176e-001  4.5370500e+001  7.6892041e+001  4.5421800e+001
  2.4741361e-001  4.4229800e+001  7.9728253e+001 -8.7929177e-001
  2.3994072e-001  4.8384100e+001  8.9718730e+001  5.7608176e+001
 -8.0002391e-001  4.9151600e+001  9.7263563e+001 -1.1088641e+001
  4.2977809e-001  5.5720900e+001  1.0747852e+002 -2.7113444e+001
  2.4957137e-002  5.3584100e+001  1.1452799e+002 -2.3334163e+001
  1.0046546e+000  4.9577100e+001  1.1502500e+002  1.2746137e+001
 -1.6394999e+000  4.4791400e+001  1.0114142e+002  9.4577402e+000
 -1.2087709e+000  3.3490000e+001  8.6801961e+001 -9.7054681e+000
  1.3303878e+000 -2.4548000e+000  5.6834562e+001  1.6998091e+001
 -2.6438643e-001 -4.3626000e+001  2.1864040e+001  6.0349713e+000
 -1.0770667e+000 -4.9483100e+001 -9.5216791e+000  9.5343070e+000
 -1.2815103e+000 -3.6158800e+001 -6.3514974e+000  5.4526174e+001
  4.5008246e-001  3.2790000e-001 -2.1802051e+000  2.5138428e+000
 -7.4537203e-002  3.9265000e+000  1.5513042e+001  2.0908524e+001
  3.5804013e-002 -3.1918000e+000  2.3114866e+001  5.3283066e+000
 -7.2111116e-001  1.4772300e+001  3.6560569e+001 -3.2207915e+001
  3.1543369e-001  2.8813600e+001  5.1443408e+001 -3.3582618e+001
  1.1248388e+000  2.4645100e+001  4.6955209e+001 -1.0860369e+001
 -2.8799403e-002  1.6723000e+001  5.3595162e+001  9.5083313e+000