  5.4389000e+004
  5.4930000e+004
  5.4995000e+004
  5.5049000e+004
  5.6323000e+004
  5.5711000e+004
  5.7420000e+004
  5.6750000e+004
  5.7744000e+004
  5.6614000e+004
  5.3866000e+004
  5.4277000e+004
  5.5474000e+004
  5.5943000e+004
  5.6375000e+004
  5.7110000e+004
  5.7279000e+004
  5.6858000e+004
  5.5765000e+004
  5.4302000e+004
  5.4841000e+004
  5.5013000e+004
  5.5088000e+004
  5.4596000e+004
  5.2420000e+004
  5.1408000e+004
  5.1326000e+004
  5.0946000e+004
  5.1181000e+004
  5.2475000e+004
  5.3856000e+004
  5.5017000e+004
  5.6741000e+004
  5.1389000e+004
  5.3192000e+004
  5.3916000e+004
  5.3133000e+004
  5.4565000e+004
  5.5927000e+004
  5.4905000e+004
  5.5140000e+004
  5.6950000e+004
  5.7293000e+004
  5.7699000e+004
  5.8596000e+004
  6.0391000e+004
  6.0955000e+004
  6.2462000e+004
  5.6833000e+004
  6.0649000e+004
  6.1144000e+004
  6.0186000e+004
  5.8262000e+004
  5.9158000e+004
  5.8028000e+004
  5.8854000e+004
  6.0089000e+004
  5.9961000e+004
  6.1113000e+004
  6.2350000e+004
  5.6705000e+004
  5.8208000e+004
  5.8717000e+004
  5.9610000e+004
  5.8596000e+004
  5.9981000e+004
  5.9555000e+004
  6.0357000e+004
  6.2477000e+004
  6.2906000e+004
  6.3054000e+004
  6.1691000e+004
  6.0148000e+004
  6.0473000e+004
  6.1633000e+004
  6.2870000e+004
  6.2667000e+004
  6.2919000e+004
  6.3552000e+004
  6.3425000e+004
  6.3183000e+004
  6.3629000e+004
  6.3954000e+004
  6.3490000e+004
  6.2348011e+004
  6.2715757e+004
  6.1647494e+004
  6.0391360e+004
  5.9778782e+004
  6.0008624e+004
  5.9608899e+004
  5.9446012e+004
  5.8297803e+004
  5.5842496e+004
  5.6668926e+004
  5.8047975e+004
  5.7891773e+004
  5.8156649e+004
  5.8809342e+004
  5.7803815e+004
  5.6994195e+004
  5.6310517e+004
  5.5016126e+004
  5.4079566e+004
  5.4190514e+004
  5.4556342e+004
  5.3982612e+004
  5.4949157e+004
  5.4696333e+004
  5.4057656e+004
  5.2235578e+004
  5.0937234e+004
  5.1782807e+004
  5.3723825e+004
  5.3304037e+004
  5.3226077e+004
  5.3081150e+004
  5.4797282e+004
  5.5385984e+004
  5.4251558e+004
  5.2769435e+004
  4.9818355e+004
  5.0742380e+004
  5.0965386e+004
  5.2665432e+004
  5.2875438e+004
  5.4658487e+004
  5.4505483e+004
  5.5159500e+004
  5.4898493e+004
  5.5266503e+004
  5.4461481e+004
  5.4576637e+004
  5.4927706e+004
  5.4649651e+004
  5.4848690e+004
  5.4467616e+004
  5.5744865e+004
  5.5024725e+004
  5.3346397e+004
  5.3805487e+004
  5.4216567e+004
  5.4233570e+004
  5.4193563e+004
  5.2957860e+004
  5.4427468e+004
  5.4646409e+004
  5.4220523e+004
  5.2783907e+004
  5.1325296e+004
  5.2354021e+004
  5.2217058e+004
  5.4096556e+004
  5.5780107e+004
  5.6257979e+004
  5.6572895e+004
  5.5524877e+004
  5.5534871e+004
  5.5038123e+004
  5.5142070e+004
  5.6320474e+004
  5.7091083e+004
  5.8227508e+004
  5.8880177e+004
  5.4854216e+004
  5.5210036e+004
  5.6137566e+004
  5.6307480e+004
  5.5612026e+004
  5.4915713e+004
  5.4174379e+004
  5.4847682e+004
  5.5652044e+004
  5.5352910e+004
  5.7916063e+004
  5.8713422e+004
  5.8106149e+004
  5.8301237e+004
  5.7839029e+004
  5.7913062e+004
  5.7132791e+004
  5.7212831e+004
  5.7574013e+004
  5.7885170e+004
  5.7602027e+004
  5.7266858e+004
  5.7691072e+004
  5.8847655e+004
  5.9201833e+004
  6.0885682e+004
  6.1344913e+004
  6.1592038e+004
  5.8696420e+004
  5.8217270e+004
  5.8619396e+004
  5.9049531e+004
  5.8970506e+004
  5.9007518e+004
  5.9525680e+004
  6.0417960e+004
  6.0500987e+004
  6.1071165e+004
  6.1831404e+004
  6.1474292e+004
  6.0916284e+004
  6.1173756e+004
  6.2077222e+004
  6.1800755e+004
  6.1233280e+004
  6.0404309e+004
  6.0508732e+004
  5.6960860e+004
  5.9508990e+004
  5.9849214e+004
  6.0667306e+004
  6.0878857e+004
  6.0697760e+004
  6.0386769e+004
  6.0642144e+004
  5.9242386e+004
  5.9065240e+004
  5.9257978e+004
  6.0251677e+004
  5.9554710e+004
  6.0594461e+004
  6.0549810e+004
  6.0795824e+004
  6.1204311e+004
  6.1272430e+004
  6.0435110e+004
  5.9785685e+004
  6.0145730e+004
  5.9017392e+004
  5.9259948e+004
  5.9724933e+004
  5.9711685e+004
  5.9973280e+004
  6.0771194e+004
  6.0482143e+004
  6.0802913e+004
  6.0618220e+004
  6.0973516e+004
  6.0258580e+004
  5.9555291e+004
  5.9741659e+004
  5.9457492e+004
  6.0063662e+004
  5.9885984e+004
  5.9897301e+004
  6.0361033e+004
  6.0424871e+004
  6.0812389e+004
  6.1069475e+004
  6.0890087e+004
  6.0798959e+004
  6.0337721e+004
  6.0781136e+004
  6.1096411e+004
  6.0697026e+004
  6.0589335e+004
  6.1197502e+004
  6.1695077e+004
  6.1869499e+004
  6.2190975e+004
  6.1785264e+004
  6.2304912e+004
  6.1557000e+004
  6.2358574e+004
  6.2363317e+004
  6.1504568e+004
  6.2457004e+004
  6.2588240e+004
  6.2983163e+004
  6.2642181e+004
  6.2840528e+004
  6.3230782e+004
  6.3160361e+004
  6.3557585e+004
  6.3408687e+004
  6.3261106e+004
  6.3261360e+004
  6.3580934e+004
  6.3667236e+004
  6.3338800e+004
  6.3809523e+004
  6.4166660e+004
  6.4615675e+004
  6.5188736e+004
  6.5122665e+004
  6.5479548e+004
  6.5465449e+004
  6.5991121e+004
  6.5337456e+004
  6.4567016e+004
  6.5011779e+004
  6.5891968e+004
  6.6242603e+004
  6.6760539e+004
  6.6614582e+004
  6.6427573e+004
  6.7648872e+004
  6.8016590e+004
  6.7899055e+004
  6.7761221e+004
  6.7224744e+004
  6.6948689e+004
  6.6819145e+004
  6.5829031e+004
  6.5915736e+004
  6.6034479e+004
  6.6877636e+004
  6.6701524e+004
  6.6937186e+004
  6.7258801e+004
  6.6936903e+004
  6.5495800e+004
  6.5303433e+004
  6.4261224e+004
  6.5774554e+004
  6.5664312e+004
  6.5708444e+004
  6.6214989e+004
  6.6194064e+004
  6.5383966e+004
  6.6417629e+004
  6.7041666e+004
  6.7073615e+004
  6.7735214e+004
  6.8247259e+004
  6.8040158e+004
  6.8665088e+004
  6.9491907e+004
  6.9501497e+004
  6.9945908e+004
  7.0501325e+004
  6.9239885e+004
  6.9158396e+004
  6.8689766e+004
  6.9352192e+004
  6.8419211e+004
  6.7731940e+004
  6.6173269e+004
  6.8112618e+004
  6.8286649e+004
  6.7814703e+004
  6.7716558e+004
  6.8069632e+004
  6.7653337e+004
  6.6803667e+004
  6.6897155e+004
  6.6698498e+004
  6.6176808e+004
  6.6750585e+004
  6.6606849e+004
  6.7068352e+004
  6.6793756e+004
  6.7330419e+004
  6.8739311e+004
  6.8837189e+004
  6.7179872e+004
  6.7722114e+004
  6.9312414e+004
  6.9844650e+004
  6.8764631e+004
  6.8761812e+004
  6.7951819e+004
  6.8570631e+004
  6.9025711e+004
  6.9694325e+004
  7.0598803e+004
  7.0831175e+004
  7.2088209e+004
  7.1775784e+004
  7.1755138e+004
  7.1699835e+004
  7.1665894e+004
  7.1341968e+004
  7.2940358e+004
  7.3397120e+004
  7.2367358e+004
  7.2987932e+004
  7.3603188e+004
  7.3264932e+004
  7.2898133e+004
  7.3182555e+004
  7.3460923e+004
  7.3775376e+004
  7.4067908e+004
  7.4224725e+004
  7.3843215e+004
  7.3684688e+004
  7.3727201e+004
  7.3286051e+004
  7.3381590e+004
  7.3851390e+004
  7.4133581e+004
  7.3652403e+004
  7.3560917e+004
  7.3397906e+004
  7.3485042e+004
  7.3037715e+004
  7.2948233e+004
  7.3973411e+004
  7.3654305e+004
  7.3365158e+004
  7.3705854e+004
  7.3337274e+004
  7.3117448e+004
  7.2767351e+004
  7.3023471e+004
  7.2945944e+004
  7.3190573e+004
  7.2721056e+004
  7.2328466e+004
  7.2839144e+004
  7.2190538e+004
  7.2969421e+004
  7.3646546e+004
  7.3352825e+004
  7.3797842e+004
  7.3883033e+004
  7.4066056e+004
  7.4243984e+004
  7.3652384e+004
  7.3969607e+004
  7.3988070e+004
  7.4735141e+004
  7.3519848e+004
  7.2636511e+004
  7.3609315e+004
  7.3414959e+004
  7.2628474e+004
  7.1703671e+004
  7.2027124e+004
  7.1973457e+004
  7.1999231e+004
  7.1481904e+004
  7.1707738e+004
  7.2518888e+004
  7.2498006e+004
